Matriz de eigenvectores:
0.226850 -0.246931 -0.343058 0.394842 -0.168678 0.622314 0.112778 -0.394448 -0.118058 -0.126499 
0.428364 0.805770 -0.275231 0.223369 -0.028208 -0.029308 -0.097119 0.145670 0.066076 -0.070146 
0.287703 0.041521 0.075412 -0.383139 0.145510 0.368834 0.630387 0.359712 -0.151575 0.236754 
0.287260 -0.071293 0.070911 -0.080787 -0.069166 -0.441607 0.499511 -0.287467 0.078773 -0.602237 
0.318775 -0.113062 -0.175718 -0.067212 0.776112 -0.177768 -0.139280 -0.361437 -0.093458 0.239759 
0.306901 0.170090 0.435015 -0.319998 -0.407079 0.040931 -0.174438 -0.521020 -0.082756 0.330330 
0.372069 -0.168473 0.643897 0.442210 0.155926 0.063523 -0.190795 0.296807 -0.197690 -0.176359 
0.265999 -0.191916 -0.246087 -0.548383 -0.086322 0.123483 -0.484817 0.228247 -0.203466 -0.424132 
0.290619 -0.225561 0.024289 -0.046324 -0.009508 0.115882 -0.087958 0.103296 0.906892 0.086878 
0.332109 -0.353761 -0.316192 0.188542 -0.380628 -0.463489 0.043993 0.241249 -0.184389 0.418564 

Eigenvalores:
11933.843203
4496.478434
3927.791958
3493.814442
3083.633521
2788.923276
2549.392471
2304.567443
1885.011995
1604.543258
