0.000000 0.000000 0.000000 0.000000 0.000000 0.000000 0.000000 0.000000 0.000000 0.000000 0.000000 0.000000 0.000000 0.000000 0.000000 0.000000 0.000000 0.000000 0.000000 0.000000 0.000000 0.000000 0.000000 0.000000 0.000000 0.000000 0.000000 0.000000 0.000000 0.000000 0.000000 0.000000 0.000000 0.000000 0.000000 0.000000 0.000000 0.000000 0.000000 0.000000 0.000000 0.000000 0.000000 0.000000 0.000000 0.000000 0.000000 0.000000 0.000000 0.000000 0.000000 0.000000 0.000000 0.000000 0.000000 0.000000 0.000000 0.000000 0.000000 0.000000 0.000000 0.000000 0.000000 0.000000 0.000000 0.000000 0.000000 0.000000 0.000000 0.000000 0.000000 0.000000 0.000000 0.000000 0.000000 0.000000 0.000000 0.000000 0.000000 0.000000 0.000000 0.000000 0.000000 0.000000 0.000000 0.000000 0.000000 0.000000 0.000000 0.000000 0.000000 0.000000 0.000000 0.000000 0.000000 0.000000 0.000000 0.000000 0.000000 0.000000 
0.000000 0.002842 0.005377 0.007128 0.007691 0.007146 0.005833 0.004083 0.002128 0.000129 -0.001809 -0.003617 -0.005261 -0.006717 -0.007981 -0.009054 -0.009944 -0.010659 -0.011208 -0.011597 -0.011834 -0.011925 -0.011882 -0.011711 -0.011427 -0.011044 -0.010577 -0.010043 -0.009458 -0.008840 -0.008203 -0.007563 -0.006931 -0.006319 -0.005736 -0.005188 -0.004682 -0.004218 -0.003801 -0.003427 -0.003101 -0.002813 -0.002567 -0.002354 -0.002175 -0.002024 -0.001898 -0.001795 -0.001712 -0.001650 -0.001605 -0.001582 -0.001579 -0.001600 -0.001648 -0.001726 -0.001840 -0.001992 -0.002189 -0.002432 -0.002728 -0.003076 -0.003481 -0.003939 -0.004453 -0.005018 -0.005628 -0.006278 -0.006957 -0.007656 -0.008359 -0.009055 -0.009725 -0.010355 -0.010926 -0.011422 -0.011827 -0.012126 -0.012307 -0.012355 -0.012260 -0.012009 -0.011589 -0.010984 -0.010178 -0.009151 -0.007894 -0.006397 -0.004672 -0.002746 -0.000672 0.001483 0.003629 0.005651 0.007340 0.008330 0.008142 0.006491 0.003621 0.000000 
0.000000 0.005377 0.010157 0.013386 0.014240 0.012799 0.009732 0.005746 0.001366 -0.003065 -0.007339 -0.011332 -0.014965 -0.018193 -0.020979 -0.023317 -0.025197 -0.026631 -0.027630 -0.028214 -0.028406 -0.028231 -0.027723 -0.026913 -0.025844 -0.024550 -0.023079 -0.021467 -0.019761 -0.017998 -0.016219 -0.014452 -0.012736 -0.011086 -0.009533 -0.008081 -0.006755 -0.005545 -0.004469 -0.003509 -0.002678 -0.001952 -0.001337 -0.000810 -0.000373 -0.000005 0.000294 0.000538 0.000729 0.000872 0.000967 0.001015 0.001009 0.000948 0.000817 0.000615 0.000320 -0.000066 -0.000570 -0.001187 -0.001943 -0.002831 -0.003871 -0.005050 -0.006380 -0.007845 -0.009443 -0.011150 -0.012953 -0.014821 -0.016730 -0.018640 -0.020519 -0.022320 -0.024008 -0.025534 -0.026860 -0.027938 -0.028732 -0.029199 -0.029304 -0.029008 -0.028279 -0.027087 -0.025404 -0.023214 -0.020509 -0.017298 -0.013614 -0.009517 -0.005105 -0.000498 0.004138 0.008549 0.012273 0.014548 0.014473 0.011588 0.006451 0.000000 
0.000000 0.007128 0.013386 0.017286 0.017633 0.014540 0.009050 0.002288 -0.004919 -0.012075 -0.018899 -0.025224 -0.030924 -0.035923 -0.040140 -0.043565 -0.046155 -0.047948 -0.048934 -0.049180 -0.048708 -0.047597 -0.045900 -0.043696 -0.041061 -0.038072 -0.034814 -0.031361 -0.027797 -0.024185 -0.020601 -0.017095 -0.013727 -0.010530 -0.007547 -0.004791 -0.002291 -0.000036 0.001953 0.003707 0.005214 0.006514 0.007604 0.008527 0.009285 0.009915 0.010421 0.010832 0.011149 0.011388 0.011545 0.011626 0.011616 0.011514 0.011291 0.010946 0.010437 0.009763 0.008877 0.007781 0.006428 0.004826 0.002937 0.000775 -0.001682 -0.004409 -0.007408 -0.010643 -0.014093 -0.017706 -0.021442 -0.025233 -0.029023 -0.032733 -0.036292 -0.039615 -0.042622 -0.045232 -0.047357 -0.048927 -0.049853 -0.050085 -0.049538 -0.048189 -0.045973 -0.042901 -0.038950 -0.034172 -0.028612 -0.022378 -0.015599 -0.008435 -0.001081 0.006094 0.012382 0.016597 0.017434 0.014284 0.008007 0.000000 
0.000000 0.007691 0.014240 0.017633 0.016558 0.011213 0.002947 -0.006705 -0.016642 -0.026282 -0.035312 -0.043544 -0.050821 -0.057029 -0.062070 -0.065922 -0.068532 -0.069960 -0.070195 -0.069354 -0.067467 -0.064679 -0.061060 -0.056760 -0.051880 -0.046560 -0.040921 -0.035079 -0.029163 -0.023261 -0.017489 -0.011912 -0.006620 -0.001650 0.002936 0.007127 0.010891 0.014241 0.017169 0.019711 0.021871 0.023703 0.025219 0.026479 0.027497 0.028329 0.028990 0.029518 0.029926 0.030233 0.030441 0.030552 0.030551 0.030430 0.030151 0.029701 0.029028 0.028114 0.026897 0.025362 0.023450 0.021150 0.018414 0.015242 0.011608 0.007528 0.003001 -0.001930 -0.007244 -0.012865 -0.018748 -0.024790 -0.030916 -0.037008 -0.042961 -0.048654 -0.053951 -0.058744 -0.062876 -0.066258 -0.068731 -0.070230 -0.070616 -0.069855 -0.067855 -0.064622 -0.060134 -0.054450 -0.047639 -0.039828 -0.031179 -0.021849 -0.012026 -0.002142 0.006896 0.013555 0.016246 0.014099 0.008107 0.000000 
0.000000 0.007146 0.012799 0.014540 0.011213 0.003328 -0.007545 -0.019609 -0.031611 -0.042969 -0.053343 -0.062600 -0.070512 -0.077012 -0.081932 -0.085326 -0.087074 -0.087342 -0.086059 -0.083463 -0.079540 -0.074555 -0.068557 -0.061797 -0.054381 -0.046520 -0.038363 -0.030066 -0.021799 -0.013662 -0.005820 0.001674 0.008689 0.015204 0.021136 0.026487 0.031230 0.035379 0.038957 0.041991 0.044530 0.046621 0.048316 0.049680 0.050752 0.051608 0.052263 0.052796 0.053190 0.053520 0.053736 0.053898 0.053934 0.053875 0.053641 0.053227 0.052557 0.051595 0.050275 0.048543 0.046342 0.043622 0.040337 0.036458 0.031949 0.026822 0.021053 0.014705 0.007771 0.000364 -0.007491 -0.015647 -0.024033 -0.032489 -0.040884 -0.049070 -0.056855 -0.064118 -0.070620 -0.076280 -0.080831 -0.084244 -0.086260 -0.086898 -0.085952 -0.083493 -0.079402 -0.073808 -0.066708 -0.058293 -0.048674 -0.038042 -0.026495 -0.014504 -0.003029 0.006286 0.011607 0.011554 0.007055 0.000000 
0.000000 0.005833 0.009732 0.009050 0.002947 -0.007545 -0.020597 -0.034326 -0.047517 -0.059601 -0.070328 -0.079572 -0.087146 -0.092947 -0.096880 -0.098961 -0.099150 -0.097604 -0.094309 -0.089536 -0.083299 -0.075932 -0.067487 -0.058298 -0.048465 -0.038278 -0.027876 -0.017484 -0.007254 0.002652 0.012105 0.020987 0.029228 0.036733 0.043509 0.049478 0.054716 0.059165 0.062948 0.066035 0.068568 0.070546 0.072107 0.073273 0.074164 0.074810 0.075306 0.075676 0.075983 0.076235 0.076463 0.076649 0.076796 0.076855 0.076808 0.076572 0.076122 0.075344 0.074215 0.072600 0.070489 0.067740 0.064365 0.060231 0.055375 0.049702 0.043262 0.036025 0.028053 0.019389 0.010115 0.000336 -0.009826 -0.020234 -0.030701 -0.041096 -0.051152 -0.060772 -0.069625 -0.077653 -0.084500 -0.090140 -0.094252 -0.096829 -0.097640 -0.096700 -0.093900 -0.089299 -0.082917 -0.074886 -0.065322 -0.054361 -0.042029 -0.028704 -0.015312 -0.003427 0.004859 0.007544 0.005291 0.000000 
0.000000 0.004083 0.005746 0.002288 -0.006705 -0.019609 -0.034326 -0.049029 -0.062551 -0.074484 -0.084654 -0.093075 -0.099486 -0.103913 -0.106190 -0.106456 -0.104626 -0.100961 -0.095424 -0.088380 -0.079830 -0.070191 -0.059507 -0.048185 -0.036320 -0.024251 -0.012130 -0.000186 0.011383 0.022465 0.032852 0.042520 0.051304 0.059221 0.066198 0.072247 0.077410 0.081675 0.085181 0.087904 0.090034 0.091559 0.092667 0.093379 0.093836 0.094104 0.094243 0.094366 0.094443 0.094610 0.094769 0.095038 0.095290 0.095582 0.095803 0.095916 0.095858 0.095501 0.094825 0.093645 0.091970 0.089606 0.086562 0.082691 0.077977 0.072364 0.065806 0.058352 0.049944 0.040721 0.030658 0.019937 0.008618 -0.003121 -0.015102 -0.027185 -0.039073 -0.050673 -0.061601 -0.071805 -0.080866 -0.088762 -0.095098 -0.099880 -0.102786 -0.103857 -0.102881 -0.099958 -0.094987 -0.088158 -0.079460 -0.069050 -0.056774 -0.042873 -0.028103 -0.013993 -0.002833 0.002804 0.003146 0.000000 
0.000000 0.002128 0.001366 -0.004919 -0.016642 -0.031611 -0.047517 -0.062551 -0.075728 -0.086809 -0.095864 -0.102856 -0.107653 -0.110222 -0.110534 -0.108669 -0.104676 -0.098776 -0.091036 -0.081812 -0.071163 -0.059533 -0.046981 -0.033960 -0.020550 -0.007150 0.006140 0.019005 0.031348 0.042932 0.053710 0.063488 0.072314 0.080004 0.086726 0.092290 0.096967 0.100576 0.103447 0.105428 0.106862 0.107638 0.108074 0.108099 0.107982 0.107683 0.107407 0.107128 0.106986 0.106949 0.107102 0.107382 0.107840 0.108356 0.108976 0.109508 0.110010 0.110222 0.110223 0.109703 0.108766 0.107078 0.104767 0.101505 0.097440 0.092292 0.086212 0.079006 0.070819 0.061563 0.051389 0.040301 0.028489 0.016011 0.003131 -0.010082 -0.023266 -0.036373 -0.048958 -0.060996 -0.072011 -0.081980 -0.090472 -0.097448 -0.102585 -0.105832 -0.107003 -0.106084 -0.102998 -0.097833 -0.090589 -0.081300 -0.069761 -0.055932 -0.040362 -0.024459 -0.010725 -0.002197 0.000830 0.000000 
0.000000 0.000129 -0.003065 -0.012075 -0.026282 -0.042969 -0.059601 -0.074484 -0.086809 -0.096680 -0.104200 -0.109465 -0.112319 -0.112869 -0.111031 -0.107011 -0.100840 -0.092804 -0.083002 -0.071810 -0.059336 -0.046029 -0.031985 -0.017663 -0.003167 0.011117 0.025048 0.038376 0.050913 0.062567 0.073130 0.082633 0.090911 0.098042 0.103977 0.108767 0.112518 0.115219 0.117114 0.118142 0.118623 0.118489 0.118054 0.117290 0.116435 0.115530 0.114689 0.114031 0.113534 0.113363 0.113399 0.113789 0.114384 0.115241 0.116248 0.117326 0.118441 0.119374 0.120165 0.120506 0.120470 0.119737 0.118359 0.116084 0.112905 0.108695 0.103375 0.096962 0.089336 0.080629 0.070748 0.059874 0.048024 0.035357 0.022052 0.008217 -0.005816 -0.019978 -0.033839 -0.047334 -0.060012 -0.071783 -0.082243 -0.091280 -0.098568 -0.104017 -0.107376 -0.108642 -0.107623 -0.104435 -0.098963 -0.091202 -0.080783 -0.067529 -0.051639 -0.034399 -0.018418 -0.007178 -0.001520 0.000000 
0.000000 -0.001809 -0.007339 -0.018899 -0.035312 -0.053343 -0.070328 -0.084654 -0.095864 -0.104200 -0.109970 -0.113257 -0.114107 -0.112506 -0.108542 -0.102357 -0.094107 -0.084055 -0.072382 -0.059463 -0.045456 -0.030812 -0.015655 -0.000449 0.014710 0.029400 0.043556 0.056824 0.069195 0.080370 0.090435 0.099116 0.106629 0.112696 0.117668 0.121260 0.123926 0.125393 0.126162 0.126002 0.125403 0.124188 0.122799 0.121110 0.119491 0.117853 0.116485 0.115315 0.114552 0.114116 0.114152 0.114541 0.115393 0.116520 0.118025 0.119635 0.121468 0.123166 0.124870 0.126158 0.127200 0.127529 0.127347 0.126176 0.124245 0.121104 0.116995 0.111546 0.104991 0.097070 0.088012 0.077673 0.066302 0.053843 0.040604 0.026576 0.012152 -0.002657 -0.017380 -0.031988 -0.045986 -0.059301 -0.071485 -0.082411 -0.091729 -0.099286 -0.104837 -0.108274 -0.109437 -0.108308 -0.104845 -0.098867 -0.089899 -0.077529 -0.061741 -0.043548 -0.025670 -0.011953 -0.003803 0.000000 
0.000000 -0.003617 -0.011332 -0.025224 -0.043544 -0.062600 -0.079572 -0.093075 -0.102856 -0.109465 -0.113257 -0.114545 -0.113279 -0.109557 -0.103464 -0.095241 -0.085047 -0.073192 -0.059901 -0.045536 -0.030324 -0.014679 0.001216 0.016941 0.032345 0.047084 0.060997 0.073895 0.085577 0.096035 0.105048 0.112746 0.118955 0.123852 0.127390 0.129703 0.130918 0.131078 0.130468 0.129053 0.127207 0.124866 0.122403 0.119781 0.117287 0.114959 0.112937 0.111347 0.110175 0.109599 0.109492 0.110015 0.111006 0.112525 0.114456 0.116700 0.119231 0.121789 0.124430 0.126789 0.128952 0.130538 0.131597 0.131827 0.131185 0.129519 0.126678 0.122675 0.117298 0.110678 0.102629 0.093329 0.082713 0.070930 0.058097 0.044312 0.029861 0.014824 -0.000416 -0.015739 -0.030752 -0.045260 -0.058914 -0.071470 -0.082624 -0.092157 -0.099788 -0.105393 -0.108729 -0.109751 -0.108343 -0.104354 -0.097069 -0.085906 -0.070523 -0.051753 -0.032295 -0.016375 -0.005937 0.000000 
0.000000 -0.005261 -0.014965 -0.030924 -0.050821 -0.070512 -0.087146 -0.099486 -0.107653 -0.112319 -0.114107 -0.113279 -0.109897 -0.104029 -0.095936 -0.085791 -0.073843 -0.060422 -0.045765 -0.030289 -0.014204 0.002036 0.018271 0.034057 0.049289 0.063575 0.076879 0.088863 0.099592 0.108763 0.116576 0.122729 0.127574 0.130797 0.132883 0.133515 0.133261 0.131830 0.129811 0.126965 0.123843 0.120271 0.116730 0.113098 0.109775 0.106667 0.104094 0.101967 0.100526 0.099669 0.099570 0.100083 0.101344 0.103139 0.105589 0.108396 0.111688 0.115082 0.118722 0.122156 0.125551 0.128399 0.130905 0.132523 0.133497 0.133282 0.132147 0.129598 0.125905 0.120675 0.114166 0.106110 0.096766 0.085980 0.074048 0.060899 0.046899 0.032032 0.016737 0.001050 -0.014553 -0.029970 -0.044742 -0.058699 -0.071442 -0.082767 -0.092353 -0.100004 -0.105519 -0.108716 -0.109456 -0.107521 -0.102132 -0.092414 -0.077803 -0.058807 -0.038148 -0.020332 -0.007857 0.000000 
0.000000 -0.006717 -0.018193 -0.035923 -0.057029 -0.077012 -0.092947 -0.103913 -0.110222 -0.112869 -0.112506 -0.109557 -0.104029 -0.096184 -0.086219 -0.074353 -0.060900 -0.046186 -0.030516 -0.014266 0.002283 0.018740 0.034883 0.050347 0.064955 0.078446 0.090645 0.101465 0.110696 0.118446 0.124486 0.129066 0.132005 0.133591 0.133775 0.132783 0.130745 0.127775 0.124163 0.119923 0.115438 0.110673 0.106010 0.101429 0.097221 0.093436 0.090215 0.087689 0.085844 0.084862 0.084615 0.085266 0.086651 0.088832 0.091688 0.095123 0.099103 0.103369 0.107964 0.112523 0.117109 0.121339 0.125227 0.128468 0.130967 0.132567 0.133048 0.132416 0.130370 0.127040 0.122133 0.115824 0.107940 0.098624 0.087887 0.075827 0.062632 0.048392 0.033404 0.017822 0.001967 -0.013910 -0.029499 -0.044487 -0.058569 -0.071435 -0.082791 -0.092354 -0.099901 -0.105275 -0.108195 -0.108426 -0.105046 -0.097022 -0.083442 -0.064608 -0.043108 -0.023742 -0.009518 0.000000 
0.000000 -0.007981 -0.020979 -0.040140 -0.062070 -0.081932 -0.096880 -0.106190 -0.110534 -0.111031 -0.108542 -0.103464 -0.095936 -0.086219 -0.074520 -0.061145 -0.046429 -0.030761 -0.014377 0.002224 0.018878 0.035086 0.050732 0.065384 0.078973 0.091158 0.101943 0.111061 0.118624 0.124401 0.128644 0.131120 0.132233 0.131726 0.130130 0.127178 0.123467 0.118754 0.113635 0.107914 0.102136 0.096164 0.090459 0.084932 0.079956 0.075467 0.071754 0.068753 0.066678 0.065447 0.065212 0.065849 0.067472 0.069890 0.073204 0.077143 0.081810 0.086853 0.092387 0.097987 0.103787 0.109299 0.114689 0.119420 0.123693 0.126952 0.129420 0.130575 0.130633 0.129158 0.126346 0.121879 0.115943 0.108338 0.099278 0.088649 0.076744 0.063505 0.049324 0.034191 0.018582 0.002544 -0.013411 -0.029163 -0.044228 -0.058399 -0.071301 -0.082641 -0.092093 -0.099519 -0.104593 -0.107003 -0.105754 -0.099588 -0.087357 -0.069021 -0.047100 -0.026549 -0.010889 0.000000 
0.000000 -0.009054 -0.023317 -0.043565 -0.065922 -0.085326 -0.098961 -0.106456 -0.108669 -0.107011 -0.102357 -0.095241 -0.085791 -0.074353 -0.061145 -0.046559 -0.030949 -0.014627 0.002038 0.018652 0.034960 0.050554 0.065263 0.078750 0.090885 0.101481 0.110396 0.117647 0.123052 0.126828 0.128776 0.129242 0.128077 0.125644 0.121925 0.117199 0.111618 0.105332 0.098641 0.091584 0.084537 0.077486 0.070792 0.064452 0.058732 0.053688 0.049447 0.046135 0.043732 0.042413 0.042051 0.042804 0.044512 0.047242 0.050872 0.055324 0.060555 0.066334 0.072691 0.079285 0.086167 0.092971 0.099692 0.106030 0.111866 0.117031 0.121269 0.124565 0.126558 0.127353 0.126578 0.124376 0.120475 0.114987 0.107820 0.099032 0.088718 0.076924 0.063878 0.049686 0.034641 0.018947 0.002922 -0.013133 -0.028906 -0.044009 -0.058173 -0.071062 -0.082284 -0.091658 -0.098817 -0.103404 -0.104323 -0.100186 -0.089521 -0.072055 -0.050087 -0.028738 -0.011966 0.000000 
0.000000 -0.009944 -0.025197 -0.046155 -0.068532 -0.087074 -0.099150 -0.104626 -0.104676 -0.100840 -0.094107 -0.085047 -0.073843 -0.060900 -0.046429 -0.030949 -0.014655 0.001930 0.018573 0.034739 0.050345 0.064845 0.078241 0.090092 0.100435 0.108980 0.115798 0.120725 0.123903 0.125237 0.124977 0.123035 0.119788 0.115116 0.109512 0.102819 0.095594 0.087668 0.079602 0.071243 0.063102 0.055061 0.047549 0.040486 0.034205 0.028659 0.024082 0.020446 0.017898 0.016409 0.016063 0.016797 0.018668 0.021545 0.025489 0.030282 0.036006 0.042354 0.049429 0.056844 0.064725 0.072618 0.080664 0.088367 0.095874 0.102677 0.108910 0.114099 0.118345 0.121250 0.122875 0.122922 0.121438 0.118212 0.113336 0.106653 0.098364 0.088331 0.076906 0.063966 0.050003 0.034941 0.019343 0.003250 -0.012817 -0.028649 -0.043741 -0.057931 -0.070686 -0.081854 -0.090973 -0.097682 -0.100786 -0.098767 -0.089920 -0.073633 -0.052048 -0.030296 -0.012751 0.000000 
0.000000 -0.010659 -0.026631 -0.047948 -0.069960 -0.087342 -0.097604 -0.100961 -0.098776 -0.092804 -0.084055 -0.073192 -0.060422 -0.046186 -0.030761 -0.014627 0.001930 0.018430 0.034566 0.049971 0.064422 0.077522 0.089206 0.099148 0.107342 0.113641 0.118018 0.120549 0.121155 0.120112 0.117313 0.113147 0.107548 0.100899 0.093248 0.084873 0.075971 0.066680 0.057318 0.047906 0.038814 0.030009 0.021828 0.014252 0.007517 0.001661 -0.003214 -0.007000 -0.009730 -0.011247 -0.011677 -0.010870 -0.008979 -0.005932 -0.001837 0.003244 0.009285 0.016082 0.023682 0.031775 0.040429 0.049298 0.058401 0.067436 0.076307 0.084821 0.092737 0.099993 0.106227 0.111478 0.115346 0.117902 0.118819 0.118125 0.115660 0.111383 0.105331 0.097429 0.087876 0.076642 0.064021 0.050103 0.035204 0.019592 0.003553 -0.012582 -0.028374 -0.043555 -0.057639 -0.070391 -0.081340 -0.090074 -0.095343 -0.095524 -0.088655 -0.073867 -0.053019 -0.031255 -0.013265 0.000000 
0.000000 -0.011208 -0.027630 -0.048934 -0.070195 -0.086059 -0.094309 -0.095424 -0.091036 -0.083002 -0.072382 -0.059901 -0.045765 -0.030516 -0.014377 0.002038 0.018573 0.034566 0.049960 0.064173 0.077158 0.088427 0.098078 0.105714 0.111496 0.115200 0.116995 0.116826 0.114879 0.111204 0.106042 0.099463 0.091796 0.083066 0.073697 0.063641 0.053390 0.042829 0.032471 0.022170 0.012399 0.003020 -0.005576 -0.013493 -0.020443 -0.026486 -0.031444 -0.035331 -0.038068 -0.039644 -0.040044 -0.039271 -0.037326 -0.034273 -0.030083 -0.024919 -0.018694 -0.011677 -0.003735 0.004777 0.014015 0.023564 0.033576 0.043607 0.053775 0.063643 0.073267 0.082254 0.090583 0.097930 0.104208 0.109160 0.112687 0.114569 0.114773 0.113075 0.109587 0.104059 0.096786 0.087520 0.076707 0.064182 0.050448 0.035517 0.019953 0.003795 -0.012310 -0.028235 -0.043354 -0.057494 -0.070067 -0.080701 -0.088062 -0.090467 -0.085753 -0.072734 -0.053023 -0.031634 -0.013527 0.000000 
0.000000 -0.011597 -0.028214 -0.049180 -0.069354 -0.083463 -0.089536 -0.088380 -0.081812 -0.071810 -0.059463 -0.045536 -0.030289 -0.014266 0.002224 0.018652 0.034739 0.049971 0.064173 0.076881 0.087985 0.097187 0.104490 0.109649 0.112790 0.113812 0.112848 0.110005 0.105362 0.099205 0.091572 0.082837 0.073057 0.062578 0.051537 0.040163 0.028702 0.017237 0.006098 -0.004748 -0.014949 -0.024589 -0.033364 -0.041345 -0.048329 -0.054327 -0.059263 -0.063071 -0.065794 -0.067310 -0.067737 -0.066950 -0.065075 -0.062048 -0.057942 -0.052805 -0.046622 -0.039569 -0.031553 -0.022848 -0.013335 -0.003331 0.007239 0.018083 0.029167 0.040275 0.051227 0.061906 0.071995 0.081453 0.089900 0.097300 0.103322 0.107867 0.110745 0.111774 0.110948 0.108038 0.103201 0.096264 0.087460 0.076796 0.064506 0.050733 0.035878 0.020128 0.003972 -0.012337 -0.028253 -0.043512 -0.057537 -0.069901 -0.079274 -0.083895 -0.081427 -0.070417 -0.052149 -0.031491 -0.013568 0.000000 
0.000000 -0.011834 -0.028406 -0.048708 -0.067467 -0.079540 -0.083299 -0.079830 -0.071163 -0.059336 -0.045456 -0.030324 -0.014204 0.002283 0.018878 0.034960 0.050345 0.064422 0.077158 0.087985 0.097003 0.103822 0.108548 0.110965 0.111293 0.109441 0.105671 0.100039 0.092805 0.084128 0.074275 0.063427 0.051889 0.039782 0.027474 0.014978 0.002718 -0.009400 -0.020932 -0.032044 -0.042321 -0.051949 -0.060590 -0.068399 -0.075144 -0.080923 -0.085614 -0.089245 -0.091795 -0.093240 -0.093613 -0.092885 -0.091086 -0.088238 -0.084311 -0.079422 -0.073459 -0.066643 -0.058794 -0.050220 -0.040708 -0.030621 -0.019766 -0.008520 0.003242 0.015162 0.027262 0.039225 0.050962 0.062200 0.072766 0.082409 0.090936 0.098085 0.103723 0.107548 0.109561 0.109425 0.107295 0.102874 0.096420 0.087773 0.077332 0.064967 0.051234 0.036146 0.020307 0.003871 -0.012524 -0.028665 -0.043890 -0.057806 -0.069056 -0.075860 -0.075738 -0.066946 -0.050454 -0.030865 -0.013414 0.000000 
0.000000 -0.011925 -0.028231 -0.047597 -0.064679 -0.074555 -0.075932 -0.070191 -0.059533 -0.046029 -0.030812 -0.014679 0.002036 0.018740 0.035086 0.050554 0.064845 0.077522 0.088427 0.097187 0.103822 0.108060 0.110005 0.109603 0.107037 0.102339 0.095769 0.087483 0.077725 0.066767 0.054811 0.042178 0.029054 0.015713 0.002371 -0.010819 -0.023590 -0.035928 -0.047530 -0.058494 -0.068522 -0.077763 -0.085973 -0.093290 -0.099562 -0.104867 -0.109157 -0.112436 -0.114744 -0.116023 -0.116362 -0.115683 -0.114066 -0.111469 -0.107905 -0.103419 -0.097931 -0.091583 -0.084218 -0.076057 -0.066916 -0.057054 -0.046325 -0.034981 -0.022976 -0.010519 0.002295 0.015309 0.028295 0.041122 0.053482 0.065216 0.076026 0.085676 0.093959 0.100557 0.105389 0.108122 0.108767 0.107101 0.103173 0.096878 0.088448 0.077875 0.065495 0.051462 0.036208 0.019994 0.003371 -0.013366 -0.029581 -0.044833 -0.057821 -0.066720 -0.068959 -0.062534 -0.048053 -0.029823 -0.013090 0.000000 
0.000000 -0.011882 -0.027723 -0.045900 -0.061060 -0.068557 -0.067487 -0.059507 -0.046981 -0.031985 -0.015655 0.001216 0.018271 0.034883 0.050732 0.065263 0.078241 0.089206 0.098078 0.104490 0.108548 0.110005 0.109089 0.105772 0.100267 0.092709 0.083400 0.072536 0.060450 0.047376 0.033642 0.019469 0.005177 -0.009088 -0.022999 -0.036530 -0.049339 -0.061527 -0.072753 -0.083210 -0.092587 -0.101116 -0.108553 -0.115107 -0.120627 -0.125255 -0.128937 -0.131735 -0.133672 -0.134740 -0.134998 -0.134409 -0.133010 -0.130792 -0.127714 -0.123841 -0.119031 -0.113434 -0.106828 -0.099434 -0.090995 -0.081770 -0.071531 -0.060546 -0.048666 -0.036152 -0.022968 -0.009366 0.004570 0.018583 0.032496 0.046023 0.058943 0.070925 0.081762 0.091086 0.098740 0.104377 0.107896 0.109038 0.107851 0.104073 0.097953 0.089360 0.078661 0.065904 0.051562 0.035828 0.019287 0.002214 -0.014729 -0.031105 -0.045658 -0.056567 -0.061189 -0.057262 -0.045027 -0.028416 -0.012622 0.000000 
0.000000 -0.011711 -0.026913 -0.043696 -0.056760 -0.061797 -0.058298 -0.048185 -0.033960 -0.017663 -0.000449 0.016941 0.034057 0.050347 0.065384 0.078750 0.090092 0.099148 0.105714 0.109649 0.110965 0.109603 0.105772 0.099528 0.091136 0.080848 0.068965 0.055764 0.041594 0.026738 0.011525 -0.003785 -0.018902 -0.033643 -0.047748 -0.061149 -0.073607 -0.085177 -0.095637 -0.105145 -0.113507 -0.120930 -0.127274 -0.132739 -0.137248 -0.140956 -0.143847 -0.146011 -0.147475 -0.148268 -0.148430 -0.147955 -0.146850 -0.145115 -0.142689 -0.139607 -0.135725 -0.131129 -0.125607 -0.119289 -0.111937 -0.103706 -0.094388 -0.084145 -0.072850 -0.060666 -0.047583 -0.033769 -0.019338 -0.004489 0.010569 0.025574 0.040273 0.054328 0.067485 0.079364 0.089718 0.098216 0.104618 0.108644 0.110223 0.109150 0.105456 0.099129 0.090297 0.079139 0.065938 0.050995 0.034775 0.017644 0.000203 -0.017058 -0.032988 -0.045762 -0.052710 -0.051337 -0.041497 -0.026708 -0.012032 0.000000 
0.000000 -0.011427 -0.025844 -0.041061 -0.051880 -0.054381 -0.048465 -0.036320 -0.020550 -0.003167 0.014710 0.032345 0.049289 0.064955 0.078973 0.090885 0.100435 0.107342 0.111496 0.112790 0.111293 0.107037 0.100267 0.091136 0.079984 0.067125 0.052859 0.037567 0.021605 0.005292 -0.011010 -0.027062 -0.042545 -0.057322 -0.071128 -0.083947 -0.095561 -0.106077 -0.115315 -0.123478 -0.130424 -0.136404 -0.141326 -0.145428 -0.148681 -0.151258 -0.153196 -0.154580 -0.155492 -0.155934 -0.155997 -0.155635 -0.154892 -0.153723 -0.152083 -0.149964 -0.147214 -0.143876 -0.139714 -0.134809 -0.128891 -0.122058 -0.114066 -0.105022 -0.094757 -0.083390 -0.070859 -0.057321 -0.042825 -0.027592 -0.011773 0.004332 0.020488 0.036335 0.051564 0.065811 0.078702 0.089929 0.099176 0.106095 0.110528 0.112215 0.111126 0.107162 0.100448 0.091049 0.079278 0.065342 0.049736 0.032789 0.015113 -0.002817 -0.019926 -0.034436 -0.043654 -0.044877 -0.037560 -0.024755 -0.011342 0.000000 
0.000000 -0.011044 -0.024550 -0.038072 -0.046560 -0.046520 -0.038278 -0.024251 -0.007150 0.011117 0.029400 0.047084 0.063575 0.078446 0.091158 0.101481 0.108980 0.113641 0.115200 0.113812 0.109441 0.102339 0.092709 0.080848 0.067125 0.051888 0.035519 0.018458 0.001072 -0.016292 -0.033256 -0.049598 -0.064989 -0.079331 -0.092372 -0.104140 -0.114462 -0.123474 -0.131077 -0.137483 -0.142651 -0.146833 -0.150027 -0.152488 -0.154233 -0.155493 -0.156285 -0.156796 -0.157025 -0.157109 -0.157014 -0.156830 -0.156472 -0.155995 -0.155255 -0.154278 -0.152863 -0.151020 -0.148499 -0.145306 -0.141166 -0.136095 -0.129826 -0.122398 -0.113596 -0.103502 -0.091986 -0.079194 -0.065105 -0.049950 -0.033828 -0.017052 0.000153 0.017422 0.034404 0.050741 0.065980 0.079753 0.091689 0.101435 0.108664 0.113187 0.114729 0.113323 0.108815 0.101435 0.091234 0.078585 0.063777 0.047286 0.029587 0.011243 -0.006841 -0.022896 -0.034274 -0.038062 -0.033325 -0.022615 -0.010570 0.000000 
0.000000 -0.010577 -0.023079 -0.034814 -0.040921 -0.038363 -0.027876 -0.012130 0.006140 0.025048 0.043556 0.060997 0.076879 0.090645 0.101943 0.110396 0.115798 0.118018 0.116995 0.112848 0.105671 0.095769 0.083400 0.068965 0.052859 0.035519 0.017382 -0.001071 -0.019502 -0.037473 -0.054675 -0.070815 -0.085657 -0.099050 -0.110864 -0.121079 -0.129664 -0.136720 -0.142283 -0.146551 -0.149598 -0.151675 -0.152880 -0.153455 -0.153527 -0.153271 -0.152844 -0.152321 -0.151873 -0.151480 -0.151291 -0.151222 -0.151355 -0.151580 -0.151878 -0.152142 -0.152241 -0.152080 -0.151440 -0.150227 -0.148184 -0.145209 -0.141064 -0.135642 -0.128774 -0.120382 -0.110389 -0.098795 -0.085624 -0.070998 -0.055054 -0.038033 -0.020211 -0.001900 0.016462 0.034553 0.051867 0.067996 0.082469 0.094914 0.104906 0.112187 0.116455 0.117584 0.115488 0.110175 0.101818 0.090576 0.076857 0.060993 0.043540 0.024968 0.006135 -0.011313 -0.024720 -0.031031 -0.028895 -0.020344 -0.009739 0.000000 
0.000000 -0.010043 -0.021467 -0.031361 -0.035079 -0.030066 -0.017484 -0.000186 0.019005 0.038376 0.056824 0.073895 0.088863 0.101465 0.111061 0.117647 0.120725 0.120549 0.116826 0.110005 0.100039 0.087483 0.072536 0.055764 0.037567 0.018458 -0.001071 -0.020568 -0.039601 -0.057762 -0.074696 -0.090195 -0.103960 -0.115977 -0.126051 -0.134313 -0.140700 -0.145433 -0.148567 -0.150376 -0.150987 -0.150700 -0.149663 -0.148177 -0.146362 -0.144511 -0.142674 -0.141130 -0.139840 -0.139052 -0.138647 -0.138817 -0.139382 -0.140454 -0.141813 -0.143478 -0.145200 -0.146913 -0.148339 -0.149355 -0.149656 -0.149105 -0.147378 -0.144375 -0.139780 -0.133572 -0.125486 -0.115611 -0.103786 -0.090213 -0.074895 -0.058121 -0.040110 -0.021188 -0.001794 0.017681 0.036739 0.054937 0.071708 0.086701 0.099298 0.109334 0.116226 0.120023 0.120283 0.117264 0.110757 0.101197 0.088650 0.073695 0.056643 0.038110 0.018714 0.000098 -0.015195 -0.023922 -0.024359 -0.017991 -0.008866 0.000000 
0.000000 -0.009458 -0.019761 -0.027797 -0.029163 -0.021799 -0.007254 0.011383 0.031348 0.050913 0.069195 0.085577 0.099592 0.110696 0.118624 0.123052 0.123903 0.121155 0.114879 0.105362 0.092805 0.077725 0.060450 0.041594 0.021605 0.001072 -0.019502 -0.039601 -0.058802 -0.076631 -0.092887 -0.107191 -0.119491 -0.129580 -0.137552 -0.143359 -0.147212 -0.149208 -0.149620 -0.148655 -0.146601 -0.143723 -0.140299 -0.136578 -0.132832 -0.129226 -0.126034 -0.123302 -0.121295 -0.119943 -0.119475 -0.119738 -0.120881 -0.122710 -0.125256 -0.128313 -0.131783 -0.135446 -0.139100 -0.142496 -0.145383 -0.147465 -0.148506 -0.148177 -0.146307 -0.142583 -0.136928 -0.129118 -0.119185 -0.107057 -0.092901 -0.076800 -0.059101 -0.040017 -0.020021 0.000484 0.020947 0.040912 0.059739 0.077022 0.092115 0.104695 0.114257 0.120561 0.123367 0.122546 0.118168 0.110272 0.099198 0.085218 0.068845 0.050478 0.030768 0.011138 -0.005848 -0.016878 -0.019816 -0.015608 -0.007972 0.000000 
0.000000 -0.008840 -0.017998 -0.024185 -0.023261 -0.013662 0.002652 0.022465 0.042932 0.062567 0.080370 0.096035 0.108763 0.118446 0.124401 0.126828 0.125237 0.120112 0.111204 0.099205 0.084128 0.066767 0.047376 0.026738 0.005292 -0.016292 -0.037473 -0.057762 -0.076631 -0.093774 -0.108811 -0.121576 -0.131857 -0.139714 -0.145070 -0.148160 -0.149056 -0.148090 -0.145466 -0.141546 -0.136612 -0.131023 -0.125057 -0.119067 -0.113247 -0.107949 -0.103238 -0.099464 -0.096550 -0.094826 -0.094101 -0.094648 -0.096209 -0.098950 -0.102592 -0.107155 -0.112358 -0.118077 -0.124013 -0.129940 -0.135515 -0.140474 -0.144421 -0.147126 -0.148158 -0.147382 -0.144391 -0.139174 -0.131439 -0.121296 -0.108664 -0.093749 -0.076736 -0.057963 -0.037788 -0.016674 0.004819 0.026224 0.046799 0.066172 0.083499 0.098571 0.110563 0.119473 0.124615 0.126208 0.123816 0.117867 0.108228 0.095517 0.079892 0.061971 0.042090 0.021695 0.003174 -0.009993 -0.015333 -0.013237 -0.007072 0.000000 
0.000000 -0.008203 -0.016219 -0.020601 -0.017489 -0.005820 0.012105 0.032852 0.053710 0.073130 0.090435 0.105048 0.116576 0.124486 0.128644 0.128776 0.124977 0.117313 0.106042 0.091572 0.074275 0.054811 0.033642 0.011525 -0.011010 -0.033256 -0.054675 -0.074696 -0.092887 -0.108811 -0.122280 -0.132935 -0.140926 -0.146008 -0.148534 -0.148448 -0.146214 -0.141954 -0.136161 -0.129090 -0.121199 -0.112802 -0.104304 -0.095983 -0.088203 -0.081127 -0.075102 -0.070139 -0.066570 -0.064268 -0.063526 -0.064128 -0.066281 -0.069731 -0.074555 -0.080487 -0.087453 -0.095166 -0.103422 -0.111879 -0.120262 -0.128140 -0.135243 -0.141056 -0.145379 -0.147670 -0.147835 -0.145401 -0.140405 -0.132529 -0.121965 -0.108614 -0.092787 -0.074700 -0.054781 -0.033444 -0.011298 0.011175 0.033209 0.054326 0.073735 0.090982 0.105425 0.116653 0.124310 0.128083 0.127952 0.123798 0.115896 0.104408 0.089812 0.072391 0.052597 0.031573 0.011748 -0.003396 -0.010997 -0.010921 -0.006187 0.000000 
0.000000 -0.007563 -0.014452 -0.017095 -0.011912 0.001674 0.020987 0.042520 0.063488 0.082633 0.099116 0.112746 0.122729 0.129066 0.131120 0.129242 0.123035 0.113147 0.099463 0.082837 0.063427 0.042178 0.019469 -0.003785 -0.027062 -0.049598 -0.070815 -0.090195 -0.107191 -0.121576 -0.132935 -0.141290 -0.146469 -0.148648 -0.147892 -0.144554 -0.138861 -0.131267 -0.122118 -0.111888 -0.100971 -0.089814 -0.078768 -0.068244 -0.058471 -0.049834 -0.042392 -0.036522 -0.032113 -0.029525 -0.028525 -0.029417 -0.031913 -0.036209 -0.042004 -0.049339 -0.057915 -0.067605 -0.078081 -0.089076 -0.100197 -0.111102 -0.121309 -0.130482 -0.138073 -0.143817 -0.147177 -0.147999 -0.145870 -0.140764 -0.132486 -0.121200 -0.106911 -0.089990 -0.070717 -0.049575 -0.027151 -0.003948 0.019195 0.041830 0.062980 0.082318 0.098866 0.112484 0.122324 0.128477 0.130344 0.128259 0.121948 0.111974 0.098394 0.081750 0.062135 0.040741 0.019772 0.002860 -0.006852 -0.008693 -0.005327 0.000000 
0.000000 -0.006931 -0.012736 -0.013727 -0.006620 0.008689 0.029228 0.051304 0.072314 0.090911 0.106629 0.118955 0.127574 0.132005 0.132233 0.128077 0.119788 0.107548 0.091796 0.073057 0.051889 0.029054 0.005177 -0.018902 -0.042545 -0.064989 -0.085657 -0.103960 -0.119491 -0.131857 -0.140926 -0.146469 -0.148699 -0.147498 -0.143409 -0.136457 -0.127307 -0.116178 -0.103719 -0.090291 -0.076449 -0.062602 -0.049193 -0.036562 -0.025075 -0.014913 -0.006406 0.000450 0.005336 0.008410 0.009376 0.008473 0.005477 0.000640 -0.006132 -0.014598 -0.024683 -0.036130 -0.048702 -0.062065 -0.075878 -0.089671 -0.103085 -0.115504 -0.126632 -0.135762 -0.142720 -0.146821 -0.148034 -0.145848 -0.140332 -0.131331 -0.119019 -0.103569 -0.085353 -0.064769 -0.042440 -0.018888 0.005067 0.028841 0.051562 0.072618 0.091263 0.106906 0.119076 0.127282 0.131391 0.131129 0.126681 0.118090 0.105780 0.089900 0.070708 0.049049 0.027177 0.008676 -0.002962 -0.006584 -0.004510 0.000000 
0.000000 -0.006319 -0.011086 -0.010530 -0.001650 0.015204 0.036733 0.059221 0.080004 0.098042 0.112696 0.123852 0.130797 0.133591 0.131726 0.125644 0.115116 0.100899 0.083066 0.062578 0.039782 0.015713 -0.009088 -0.033643 -0.057322 -0.079331 -0.099050 -0.115977 -0.129580 -0.139714 -0.146008 -0.148648 -0.147498 -0.142975 -0.135232 -0.124782 -0.112003 -0.097489 -0.081707 -0.065258 -0.048604 -0.032287 -0.016676 -0.002226 0.010855 0.022185 0.031745 0.039198 0.044685 0.047895 0.049065 0.047919 0.044725 0.039275 0.031837 0.022325 0.011019 -0.002008 -0.016418 -0.031976 -0.048236 -0.064843 -0.081224 -0.096968 -0.111415 -0.124167 -0.134564 -0.142291 -0.146790 -0.147938 -0.145310 -0.139034 -0.128950 -0.115389 -0.098550 -0.078903 -0.057014 -0.033433 -0.009022 0.015658 0.039575 0.062238 0.082586 0.100287 0.114396 0.124812 0.130834 0.132627 0.129831 0.122877 0.111764 0.096900 0.078181 0.056508 0.033888 0.014028 0.000645 -0.004619 -0.003743 0.000000 
0.000000 -0.005736 -0.009533 -0.007547 0.002936 0.021136 0.043509 0.066198 0.086726 0.103977 0.117668 0.127390 0.132883 0.133775 0.130130 0.121925 0.109512 0.093248 0.073697 0.051537 0.027474 0.002371 -0.022999 -0.047748 -0.071128 -0.092372 -0.110864 -0.126051 -0.137552 -0.145070 -0.148534 -0.147892 -0.143409 -0.135232 -0.123922 -0.109765 -0.093514 -0.075582 -0.056690 -0.037364 -0.018176 0.000347 0.017803 0.033786 0.048023 0.060316 0.070455 0.078454 0.084111 0.087588 0.088671 0.087566 0.084086 0.078401 0.070419 0.060261 0.048004 0.033773 0.017836 0.000424 -0.018047 -0.037157 -0.056424 -0.075217 -0.093084 -0.109238 -0.123325 -0.134561 -0.142674 -0.147121 -0.147722 -0.144263 -0.136750 -0.125292 -0.110166 -0.091752 -0.070624 -0.047353 -0.022758 0.002469 0.027408 0.051304 0.073311 0.092691 0.108828 0.121098 0.129210 0.132773 0.131835 0.126341 0.116625 0.102716 0.084669 0.063051 0.039903 0.018862 0.003932 -0.002814 -0.003038 0.000000 
0.000000 -0.005188 -0.008081 -0.004791 0.007127 0.026487 0.049478 0.072247 0.092290 0.108767 0.121260 0.129703 0.133515 0.132783 0.127178 0.117199 0.102819 0.084873 0.063641 0.040163 0.014978 -0.010819 -0.036530 -0.061149 -0.083947 -0.104140 -0.121079 -0.134313 -0.143359 -0.148160 -0.148448 -0.144554 -0.136457 -0.124782 -0.109765 -0.092178 -0.072482 -0.051448 -0.029637 -0.007777 0.013635 0.033982 0.052928 0.070010 0.085097 0.097879 0.108418 0.116505 0.122330 0.125714 0.126886 0.125646 0.122196 0.116319 0.108185 0.097622 0.084827 0.069751 0.052699 0.033802 0.013527 -0.007806 -0.029558 -0.051268 -0.072176 -0.091762 -0.109225 -0.124138 -0.135711 -0.143726 -0.147560 -0.147227 -0.142420 -0.133379 -0.120200 -0.103320 -0.083244 -0.060559 -0.036105 -0.010552 0.015050 0.040049 0.063332 0.084370 0.102152 0.116360 0.126231 0.131717 0.132411 0.128562 0.120143 0.107388 0.090039 0.068697 0.045169 0.023175 0.006892 -0.001181 -0.002396 0.000000 
0.000000 -0.004682 -0.006755 -0.002291 0.010891 0.031230 0.054716 0.077410 0.096967 0.112518 0.123926 0.130918 0.133261 0.130745 0.123467 0.111618 0.095594 0.075971 0.053390 0.028702 0.002718 -0.023590 -0.049339 -0.073607 -0.095561 -0.114462 -0.129664 -0.140700 -0.147212 -0.149056 -0.146214 -0.138861 -0.127307 -0.112003 -0.093514 -0.072482 -0.049611 -0.025630 -0.001245 0.022820 0.046030 0.067747 0.087671 0.105365 0.120726 0.133588 0.143954 0.151897 0.157425 0.160726 0.161738 0.160612 0.157221 0.151580 0.143582 0.133131 0.120255 0.104863 0.087196 0.067309 0.045658 0.022550 -0.001413 -0.025646 -0.049497 -0.072196 -0.093080 -0.111411 -0.126571 -0.138005 -0.145247 -0.148023 -0.146129 -0.139611 -0.128604 -0.113460 -0.094668 -0.072831 -0.048737 -0.023159 0.002943 0.028714 0.053194 0.075550 0.094990 0.110812 0.122523 0.129664 0.132102 0.129717 0.122712 0.111027 0.094506 0.073476 0.049743 0.026955 0.009510 0.000272 -0.001825 0.000000 
0.000000 -0.004218 -0.005545 -0.000036 0.014241 0.035379 0.059165 0.081675 0.100576 0.115219 0.125393 0.131078 0.131830 0.127775 0.118754 0.105332 0.087668 0.066680 0.042829 0.017237 -0.009400 -0.035928 -0.061527 -0.085177 -0.106077 -0.123474 -0.136720 -0.145433 -0.149208 -0.148090 -0.141954 -0.131267 -0.116178 -0.097489 -0.075582 -0.051448 -0.025630 0.000868 0.027446 0.053246 0.077759 0.100333 0.120694 0.138440 0.153570 0.165932 0.175747 0.183026 0.188086 0.190954 0.191888 0.190790 0.187769 0.182565 0.175170 0.165256 0.152836 0.137673 0.119939 0.099618 0.077127 0.052721 0.027064 0.000646 -0.025669 -0.051297 -0.075235 -0.096951 -0.115460 -0.130385 -0.140937 -0.146960 -0.148011 -0.144195 -0.135498 -0.122290 -0.104996 -0.084212 -0.060743 -0.035327 -0.009029 0.017376 0.042726 0.066327 0.087099 0.104532 0.117798 0.126648 0.130626 0.129801 0.124111 0.113624 0.097945 0.077400 0.053594 0.030217 0.011797 0.001549 -0.001322 0.000000 
0.000000 -0.003801 -0.004469 0.001953 0.017169 0.038957 0.062948 0.085181 0.103447 0.117114 0.126162 0.130468 0.129811 0.124163 0.113635 0.098641 0.079602 0.057318 0.032471 0.006098 -0.020932 -0.047530 -0.072753 -0.095637 -0.115315 -0.131077 -0.142283 -0.148567 -0.149620 -0.145466 -0.136161 -0.122118 -0.103719 -0.081707 -0.056690 -0.029637 -0.001245 0.027446 0.055789 0.082842 0.108130 0.130952 0.151118 0.168251 0.182450 0.193699 0.202286 0.208467 0.212549 0.214846 0.215501 0.214638 0.212157 0.207878 0.201562 0.192826 0.181507 0.167238 0.150108 0.129969 0.107223 0.082057 0.055147 0.027002 -0.001493 -0.029647 -0.056474 -0.081251 -0.103040 -0.121235 -0.135095 -0.144260 -0.148306 -0.147195 -0.140902 -0.129726 -0.114060 -0.094498 -0.071798 -0.046767 -0.020408 0.006372 0.032491 0.057062 0.079112 0.097893 0.112702 0.123038 0.128572 0.129142 0.124797 0.115415 0.100633 0.080579 0.056821 0.032986 0.013757 0.002649 -0.000889 0.000000 
0.000000 -0.003427 -0.003509 0.003707 0.019711 0.041991 0.066035 0.087904 0.105428 0.118142 0.126002 0.129053 0.126965 0.119923 0.107914 0.091584 0.071243 0.047906 0.022170 -0.004748 -0.032044 -0.058494 -0.083210 -0.105145 -0.123478 -0.137483 -0.146551 -0.150376 -0.148655 -0.141546 -0.129090 -0.111888 -0.090291 -0.065258 -0.037364 -0.007777 0.022820 0.053246 0.082842 0.110610 0.136058 0.158526 0.177816 0.193666 0.206251 0.215686 0.222454 0.226915 0.229656 0.231010 0.231371 0.230752 0.229155 0.226181 0.221530 0.214592 0.205050 0.192387 0.176526 0.157263 0.134883 0.109565 0.081972 0.052587 0.022399 -0.007937 -0.037256 -0.064878 -0.089652 -0.111006 -0.127996 -0.140272 -0.147251 -0.148879 -0.145029 -0.135970 -0.122051 -0.103829 -0.082082 -0.057567 -0.031374 -0.004347 0.022287 0.047724 0.070797 0.090854 0.106978 0.118769 0.125689 0.127665 0.124574 0.116352 0.102470 0.083022 0.059420 0.035292 0.015416 0.003588 -0.000519 0.000000 
0.000000 -0.003101 -0.002678 0.005214 0.021871 0.044530 0.068568 0.090034 0.106862 0.118623 0.125403 0.127207 0.123843 0.115438 0.102136 0.084537 0.063102 0.038814 0.012399 -0.014949 -0.042321 -0.068522 -0.092587 -0.113507 -0.130424 -0.142651 -0.149598 -0.150987 -0.146601 -0.136612 -0.121199 -0.100971 -0.076449 -0.048604 -0.018176 0.013635 0.046030 0.077759 0.108130 0.136058 0.161096 0.182521 0.200237 0.214020 0.224178 0.230998 0.235124 0.237208 0.237980 0.238092 0.237967 0.237793 0.237403 0.236355 0.234054 0.229718 0.222769 0.212504 0.198696 0.180996 0.159652 0.134752 0.107004 0.076871 0.045398 0.013303 -0.018208 -0.048323 -0.075868 -0.100109 -0.120082 -0.135285 -0.145108 -0.149382 -0.147944 -0.140994 -0.128846 -0.112034 -0.091304 -0.067444 -0.041507 -0.014416 0.012638 0.038733 0.062740 0.083869 0.101235 0.114296 0.122546 0.125779 0.123904 0.116740 0.103749 0.084887 0.061507 0.037181 0.016793 0.004370 -0.000211 0.000000 
0.000000 -0.002813 -0.001952 0.006514 0.023703 0.046621 0.070546 0.091559 0.107638 0.118489 0.124188 0.124866 0.120271 0.110673 0.096164 0.077486 0.055061 0.030009 0.003020 -0.024589 -0.051949 -0.077763 -0.101116 -0.120930 -0.136404 -0.146833 -0.151675 -0.150700 -0.143723 -0.131023 -0.112802 -0.089814 -0.062602 -0.032287 0.000347 0.033982 0.067747 0.100333 0.130952 0.158526 0.182521 0.202286 0.217702 0.228673 0.235592 0.238939 0.239606 0.238481 0.236677 0.235046 0.234333 0.234700 0.236000 0.237492 0.238351 0.237453 0.233942 0.226906 0.215896 0.200497 0.180821 0.156970 0.129602 0.099234 0.066941 0.033495 0.000198 -0.032095 -0.062074 -0.088971 -0.111676 -0.129651 -0.142161 -0.148994 -0.149903 -0.145037 -0.134676 -0.119302 -0.099677 -0.076537 -0.051001 -0.023938 0.003353 0.030001 0.054746 0.076842 0.095266 0.109514 0.118945 0.123390 0.122635 0.116529 0.104408 0.086189 0.063103 0.038698 0.017923 0.005019 0.000046 0.000000 
