x[0] = 0.174930
x[1] = 0.199252
x[2] = -0.010290
x[3] = 0.169317
