0.000000 0.000000 0.000000 0.000000 0.000000 0.000000 0.000000 0.000000 0.000000 0.000000 0.000000 0.000000 0.000000 0.000000 0.000000 0.000000 0.000000 0.000000 0.000000 0.000000 0.000000 0.000000 0.000000 0.000000 0.000000 0.000000 0.000000 0.000000 0.000000 0.000000 0.000000 0.000000 0.000000 0.000000 0.000000 0.000000 0.000000 0.000000 0.000000 0.000000 0.000000 0.000000 0.000000 0.000000 0.000000 0.000000 0.000000 0.000000 0.000000 0.000000 0.000000 0.000000 0.000000 0.000000 0.000000 0.000000 0.000000 0.000000 0.000000 0.000000 0.000000 0.000000 0.000000 0.000000 0.000000 0.000000 0.000000 0.000000 0.000000 0.000000 0.000000 0.000000 0.000000 0.000000 0.000000 0.000000 0.000000 0.000000 0.000000 0.000000 0.000000 0.000000 0.000000 0.000000 0.000000 0.000000 0.000000 0.000000 0.000000 0.000000 0.000000 0.000000 0.000000 0.000000 0.000000 0.000000 0.000000 0.000000 0.000000 0.000000 
0.000000 -0.015712 -0.032555 -0.044571 -0.051565 -0.055626 -0.057488 -0.057118 -0.054634 -0.050310 -0.044500 -0.037625 -0.030092 -0.022334 -0.014710 -0.007588 -0.001230 0.004095 0.008230 0.010997 0.012346 0.012170 0.010525 0.007372 0.002876 -0.002910 -0.009713 -0.017351 -0.025452 -0.033699 -0.041642 -0.048886 -0.054950 -0.059476 -0.062038 -0.062440 -0.060439 -0.056070 -0.049419 -0.040740 -0.030469 -0.019123 -0.007294 0.004333 0.015100 0.024376 0.031627 0.036447 0.038603 0.038022 0.034850 0.029384 0.022097 0.013590 0.004513 -0.004406 -0.012528 -0.019230 -0.024061 -0.026699 -0.027011 -0.025051 -0.021049 -0.015393 -0.008600 -0.001245 0.006030 0.012666 0.018088 0.021952 0.023914 0.023948 0.022045 0.018479 0.013574 0.007789 0.001661 -0.004324 -0.009604 -0.013834 -0.016609 -0.017834 -0.017386 -0.015436 -0.012171 -0.007959 -0.003209 0.001641 0.006113 0.009846 0.012463 0.013792 0.013679 0.012194 0.009459 0.005809 0.001650 -0.002045 -0.003245 0.000000 
0.000000 -0.032555 -0.062425 -0.080485 -0.088008 -0.089730 -0.087717 -0.082228 -0.073686 -0.062633 -0.049731 -0.035653 -0.021073 -0.006614 0.007178 0.019827 0.030956 0.040241 0.047459 0.052388 0.054927 0.054908 0.052353 0.047140 0.039438 0.029244 0.016899 0.002626 -0.013040 -0.029597 -0.046313 -0.062476 -0.077203 -0.089765 -0.099274 -0.105200 -0.106924 -0.104240 -0.097100 -0.085738 -0.070659 -0.052692 -0.032782 -0.012097 0.008147 0.026769 0.042614 0.054769 0.062551 0.065553 0.063773 0.057463 0.047269 0.034064 0.018930 0.003101 -0.012220 -0.025826 -0.036754 -0.044182 -0.047684 -0.047056 -0.042524 -0.034535 -0.023876 -0.011458 0.001605 0.014301 0.025498 0.034464 0.040380 0.043026 0.042154 0.038080 0.031201 0.022215 0.012017 0.001417 -0.008492 -0.017085 -0.023430 -0.027293 -0.028211 -0.026394 -0.021980 -0.015529 -0.007698 0.000802 0.009060 0.016446 0.022136 0.025787 0.026942 0.025677 0.022044 0.016524 0.009346 0.001709 -0.002478 0.000000 
0.000000 -0.044571 -0.080485 -0.096784 -0.098625 -0.093220 -0.083638 -0.070587 -0.054749 -0.037032 -0.018140 0.001008 0.019889 0.037727 0.054284 0.068974 0.081782 0.092298 0.100582 0.106320 0.109568 0.109989 0.107663 0.102194 0.093764 0.082030 0.067344 0.049637 0.029494 0.007278 -0.016131 -0.039963 -0.063041 -0.084393 -0.102730 -0.117113 -0.126563 -0.130384 -0.128245 -0.120089 -0.106270 -0.087481 -0.064824 -0.039595 -0.013428 0.012169 0.035476 0.055142 0.069890 0.078909 0.081729 0.078373 0.069279 0.055344 0.037739 0.017992 -0.002393 -0.021689 -0.038569 -0.051584 -0.060037 -0.063145 -0.061071 -0.053900 -0.042577 -0.027984 -0.011533 0.005464 0.021535 0.035438 0.046088 0.052707 0.054952 0.052707 0.046489 0.036801 0.024842 0.011495 -0.001757 -0.014016 -0.023976 -0.031070 -0.034577 -0.034441 -0.030750 -0.023945 -0.014852 -0.004237 0.006669 0.017056 0.025713 0.032109 0.035437 0.035663 0.032632 0.026804 0.018170 0.007792 0.000330 0.000000 
0.000000 -0.051565 -0.088008 -0.098625 -0.092076 -0.077950 -0.060170 -0.039657 -0.017567 0.005168 0.027651 0.049135 0.069098 0.087123 0.103078 0.116811 0.128454 0.137968 0.145502 0.151011 0.154449 0.155669 0.154416 0.150399 0.143310 0.132817 0.118744 0.101005 0.079686 0.055246 0.028137 -0.000543 -0.029940 -0.058477 -0.085054 -0.107920 -0.126093 -0.138161 -0.143483 -0.141508 -0.132344 -0.116381 -0.094666 -0.068366 -0.039375 -0.009337 0.019551 0.045569 0.066919 0.082291 0.090779 0.091971 0.085999 0.073588 0.055792 0.034274 0.010684 -0.012908 -0.034798 -0.053111 -0.066677 -0.074361 -0.075857 -0.071140 -0.060778 -0.045848 -0.027585 -0.007733 0.012181 0.030382 0.045561 0.056455 0.062450 0.063118 0.058749 0.049816 0.037396 0.022613 0.006993 -0.008163 -0.021394 -0.031675 -0.038128 -0.040299 -0.038203 -0.032056 -0.022724 -0.010985 0.001785 0.014541 0.025913 0.034976 0.040832 0.043025 0.041397 0.036077 0.026948 0.014564 0.003851 0.000000 
0.000000 -0.055626 -0.089730 -0.093220 -0.077950 -0.055497 -0.030202 -0.003422 0.023431 0.049360 0.073429 0.095026 0.113879 0.129816 0.143110 0.153924 0.162746 0.169864 0.175634 0.180215 0.183639 0.185734 0.186204 0.184530 0.180219 0.172608 0.161228 0.145625 0.125625 0.101319 0.073085 0.041732 0.008286 -0.025767 -0.058962 -0.089420 -0.115562 -0.135778 -0.148820 -0.153791 -0.150287 -0.138496 -0.119145 -0.093448 -0.063190 -0.030312 0.002824 0.034072 0.061184 0.082429 0.096362 0.102200 0.099735 0.089382 0.072203 0.049703 0.023806 -0.003296 -0.029522 -0.052604 -0.071014 -0.083097 -0.088345 -0.086246 -0.077397 -0.062568 -0.043219 -0.021067 0.002036 0.024060 0.043366 0.058279 0.067929 0.071503 0.069177 0.061198 0.048703 0.032815 0.015239 -0.002514 -0.018704 -0.032029 -0.041285 -0.045809 -0.045353 -0.040056 -0.030685 -0.018088 -0.003711 0.011225 0.025093 0.036805 0.045081 0.049391 0.049219 0.044720 0.035356 0.021316 0.007497 0.000000 
0.000000 -0.057488 -0.087717 -0.083638 -0.060170 -0.030202 0.001422 0.033091 0.063135 0.090601 0.114465 0.134419 0.150322 0.162490 0.171455 0.177898 0.182617 0.186301 0.189530 0.192727 0.195909 0.199075 0.201631 0.203117 0.202549 0.199188 0.191978 0.180334 0.163445 0.141395 0.113907 0.082065 0.046295 0.008672 -0.029722 -0.066330 -0.099573 -0.127096 -0.147504 -0.159237 -0.161677 -0.154451 -0.138216 -0.113876 -0.083336 -0.048562 -0.012177 0.023327 0.055373 0.081728 0.100578 0.110714 0.111542 0.103339 0.086845 0.063744 0.035876 0.005762 -0.024275 -0.051649 -0.074367 -0.090559 -0.099167 -0.099668 -0.092153 -0.077644 -0.057264 -0.033190 -0.007171 0.018219 0.041261 0.059765 0.072710 0.078907 0.078372 0.071269 0.058568 0.041662 0.022135 0.002019 -0.017042 -0.033102 -0.045062 -0.051670 -0.052777 -0.048186 -0.038717 -0.025239 -0.009225 0.007772 0.024160 0.038311 0.049059 0.055293 0.056663 0.052873 0.043408 0.027766 0.010986 0.000000 
0.000000 -0.057118 -0.082228 -0.070587 -0.039657 -0.003422 0.033091 0.068004 0.099483 0.126615 0.148308 0.164690 0.175765 0.182421 0.185453 0.186181 0.185580 0.184951 0.184917 0.186302 0.189092 0.193375 0.198447 0.203698 0.207860 0.209937 0.208424 0.202406 0.190634 0.172779 0.148340 0.117968 0.082196 0.042714 0.001163 -0.040204 -0.079076 -0.113107 -0.140074 -0.158331 -0.166520 -0.164226 -0.151487 -0.129351 -0.099322 -0.063690 -0.025037 0.013759 0.049825 0.080544 0.103675 0.117624 0.121545 0.115308 0.099741 0.076199 0.046865 0.014167 -0.019125 -0.050276 -0.076826 -0.096651 -0.108340 -0.111102 -0.104944 -0.090644 -0.069553 -0.043678 -0.015242 0.013252 0.039473 0.061264 0.076986 0.085518 0.086435 0.079981 0.067012 0.048987 0.027683 0.005181 -0.016414 -0.035191 -0.049458 -0.058093 -0.060444 -0.056481 -0.046780 -0.032378 -0.014774 0.004325 0.023045 0.039688 0.052646 0.060851 0.063542 0.060556 0.050899 0.033815 0.014210 0.000000 
0.000000 -0.054634 -0.073686 -0.054749 -0.017567 0.023431 0.063135 0.099483 0.130562 0.155333 0.173016 0.183938 0.188488 0.187979 0.183692 0.177371 0.170503 0.164659 0.160859 0.160029 0.162332 0.167819 0.175742 0.185300 0.195031 0.203574 0.209096 0.210255 0.205322 0.193668 0.174226 0.147580 0.113813 0.074689 0.031696 -0.012524 -0.055664 -0.094828 -0.127630 -0.151718 -0.165580 -0.168117 -0.159323 -0.139788 -0.111078 -0.075389 -0.035422 0.005688 0.044884 0.079102 0.105842 0.123121 0.129746 0.125469 0.110752 0.087135 0.056588 0.021881 -0.014159 -0.048457 -0.078291 -0.101260 -0.115624 -0.120452 -0.115453 -0.101481 -0.079706 -0.052417 -0.021810 0.009217 0.038260 0.062719 0.080902 0.091279 0.093428 0.087380 0.074010 0.054864 0.031759 0.007116 -0.016968 -0.038070 -0.054587 -0.064878 -0.068413 -0.064850 -0.054855 -0.039456 -0.020240 0.000853 0.021897 0.040796 0.055967 0.065914 0.069951 0.067586 0.057817 0.039287 0.017088 0.000000 
0.000000 -0.050310 -0.062633 -0.037032 0.005168 0.049360 0.090601 0.126615 0.155333 0.175908 0.187729 0.191466 0.187867 0.178805 0.165965 0.151680 0.137714 0.126153 0.118121 0.114848 0.116514 0.123205 0.134147 0.148357 0.164216 0.180041 0.193662 0.203290 0.206802 0.203001 0.190575 0.169456 0.139882 0.102983 0.060628 0.015105 -0.030591 -0.073731 -0.111137 -0.140452 -0.159392 -0.166807 -0.162027 -0.145660 -0.118866 -0.083946 -0.043549 -0.000991 0.040425 0.077394 0.107065 0.127143 0.136207 0.133646 0.119953 0.096362 0.065074 0.028761 -0.009448 -0.046348 -0.078903 -0.104484 -0.121106 -0.127597 -0.123628 -0.109818 -0.087566 -0.058950 -0.026632 0.006664 0.037919 0.064712 0.084714 0.096593 0.099488 0.093555 0.079614 0.059190 0.034417 0.007569 -0.018644 -0.042062 -0.060370 -0.072235 -0.076579 -0.073289 -0.062840 -0.046363 -0.025582 -0.002449 0.020710 0.041890 0.058977 0.070647 0.075762 0.074041 0.064015 0.044186 0.019591 0.000000 
0.000000 -0.044500 -0.049731 -0.018140 0.027651 0.073429 0.114465 0.148308 0.173016 0.187729 0.192228 0.187325 0.174412 0.155741 0.133574 0.110627 0.089204 0.071560 0.059217 0.053380 0.054420 0.062314 0.076336 0.095313 0.117574 0.141079 0.163452 0.182435 0.195476 0.200963 0.197033 0.183296 0.159511 0.126838 0.086776 0.041843 -0.005068 -0.050715 -0.091882 -0.125483 -0.149181 -0.161053 -0.160454 -0.147362 -0.123033 -0.089455 -0.049400 -0.006233 0.036606 0.075513 0.107457 0.129808 0.140892 0.139962 0.127188 0.103950 0.072167 0.034831 -0.005030 -0.043871 -0.078568 -0.106222 -0.124653 -0.132561 -0.129396 -0.115843 -0.093131 -0.063584 -0.029791 0.005178 0.038302 0.066785 0.088311 0.101194 0.104641 0.098594 0.083970 0.062297 0.035841 0.007070 -0.021227 -0.046541 -0.066592 -0.079645 -0.084754 -0.081517 -0.070575 -0.052971 -0.030632 -0.005610 0.019621 0.042787 0.061754 0.074858 0.081036 0.079722 0.069486 0.048355 0.021666 0.000000 
0.000000 -0.037625 -0.035653 0.001008 0.049135 0.095026 0.134419 0.164690 0.183938 0.191466 0.187325 0.172712 0.149690 0.120757 0.088905 0.057135 0.028222 0.004637 -0.011942 -0.020260 -0.019890 -0.010969 0.005936 0.029424 0.057975 0.089159 0.120558 0.149302 0.172680 0.188233 0.194088 0.188912 0.172521 0.145351 0.109237 0.066201 0.019660 -0.027350 -0.070985 -0.108142 -0.135816 -0.151966 -0.155349 -0.145828 -0.124290 -0.092636 -0.053595 -0.010501 0.032993 0.073208 0.106811 0.130977 0.143830 0.144315 0.132612 0.109796 0.077946 0.039955 -0.001021 -0.041231 -0.077551 -0.106665 -0.126524 -0.135346 -0.132853 -0.119289 -0.096275 -0.065821 -0.030945 0.005427 0.039884 0.069652 0.092114 0.105563 0.109097 0.102565 0.087077 0.063963 0.035939 0.005207 -0.024825 -0.051957 -0.073283 -0.087372 -0.092841 -0.089484 -0.077857 -0.059038 -0.035185 -0.008248 0.018805 0.043948 0.064418 0.078899 0.085778 0.084848 0.074189 0.051883 0.023335 0.000000 
0.000000 -0.030092 -0.021073 0.019889 0.069098 0.113879 0.150322 0.175765 0.188488 0.187867 0.174412 0.149690 0.116222 0.076985 0.035526 -0.004769 -0.040709 -0.069759 -0.090050 -0.100477 -0.100686 -0.090809 -0.071509 -0.043966 -0.009800 0.028628 0.068609 0.107099 0.140794 0.166997 0.182958 0.187446 0.179222 0.159019 0.127824 0.088150 0.042891 -0.004246 -0.049660 -0.089444 -0.120716 -0.140573 -0.147914 -0.141827 -0.123370 -0.093938 -0.056409 -0.013976 0.029596 0.070474 0.105207 0.130737 0.144970 0.146789 0.136014 0.113927 0.082219 0.044105 0.002538 -0.038491 -0.075775 -0.105950 -0.126644 -0.136255 -0.134053 -0.120667 -0.097252 -0.066331 -0.030542 0.006667 0.042129 0.072642 0.095722 0.109383 0.112775 0.105684 0.089195 0.064814 0.035184 0.002872 -0.028873 -0.057356 -0.079937 -0.094667 -0.100487 -0.096821 -0.084500 -0.064487 -0.039131 -0.010537 0.018323 0.045015 0.067004 0.082427 0.090045 0.089151 0.078137 0.054634 0.024547 0.000000 
0.000000 -0.022334 -0.006614 0.037727 0.087123 0.129816 0.162490 0.182421 0.187979 0.178805 0.155741 0.120757 0.076985 0.027778 -0.022583 -0.070535 -0.112541 -0.145968 -0.169109 -0.181040 -0.181647 -0.171277 -0.150293 -0.119842 -0.081070 -0.036487 0.011353 0.058852 0.102701 0.139268 0.165751 0.179870 0.180585 0.167631 0.142383 0.106670 0.063850 0.017319 -0.028785 -0.070620 -0.104664 -0.128009 -0.138881 -0.136356 -0.120994 -0.094142 -0.058509 -0.017198 0.025898 0.066985 0.102390 0.128920 0.144390 0.147324 0.137702 0.116335 0.085209 0.047244 0.005568 -0.035740 -0.073586 -0.104161 -0.125466 -0.135271 -0.133373 -0.119773 -0.096202 -0.064701 -0.028411 0.009468 0.045442 0.076342 0.099547 0.112997 0.115892 0.107873 0.090297 0.064444 0.033408 -0.000527 -0.033553 -0.063313 -0.086603 -0.101841 -0.107545 -0.103427 -0.090192 -0.068920 -0.042142 -0.011873 0.018443 0.046688 0.069671 0.086023 0.093859 0.093011 0.081325 0.056754 0.025356 0.000000 
0.000000 -0.014710 0.007178 0.054284 0.103078 0.143110 0.171455 0.185453 0.183692 0.165965 0.133574 0.088905 0.035526 -0.022583 -0.080774 -0.135125 -0.181728 -0.218096 -0.242634 -0.254996 -0.255676 -0.245126 -0.223716 -0.191717 -0.150089 -0.100782 -0.046602 0.008885 0.061645 0.108141 0.144348 0.168314 0.177617 0.172553 0.153279 0.122318 0.082198 0.037061 -0.009405 -0.052549 -0.089118 -0.115327 -0.129642 -0.130331 -0.118141 -0.093886 -0.060351 -0.020474 0.021849 0.062738 0.098457 0.125707 0.142056 0.146128 0.137431 0.117118 0.086654 0.049323 0.007969 -0.033196 -0.070963 -0.101704 -0.122964 -0.132971 -0.130876 -0.117334 -0.093373 -0.061774 -0.025025 0.012974 0.049237 0.080060 0.103140 0.116124 0.118330 0.109420 0.090634 0.063615 0.031119 -0.003935 -0.038271 -0.068746 -0.092791 -0.108082 -0.113723 -0.108952 -0.094835 -0.072378 -0.044188 -0.012601 0.019194 0.048440 0.072492 0.089197 0.097355 0.096093 0.083839 0.058129 0.025727 0.000000 
0.000000 -0.007588 0.019827 0.068974 0.116811 0.153924 0.177898 0.186181 0.177371 0.151680 0.110627 0.057135 -0.004769 -0.070535 -0.135125 -0.194045 -0.243370 -0.280425 -0.304363 -0.315514 -0.315636 -0.305841 -0.285728 -0.254524 -0.212164 -0.160214 -0.101335 -0.039417 0.021221 0.076292 0.121690 0.154348 0.172124 0.174179 0.161120 0.134645 0.097758 0.054150 0.008042 -0.036157 -0.074503 -0.103434 -0.120619 -0.124536 -0.115275 -0.093744 -0.062414 -0.024172 0.017075 0.057508 0.093283 0.120974 0.138202 0.143156 0.135683 0.116296 0.086941 0.050367 0.009753 -0.030862 -0.068253 -0.098584 -0.119693 -0.129343 -0.127179 -0.113274 -0.089256 -0.057327 -0.020582 0.017548 0.053595 0.084173 0.106675 0.118953 0.120204 0.110169 0.090209 0.061863 0.028251 -0.008001 -0.043067 -0.074264 -0.098408 -0.113718 -0.118779 -0.113298 -0.098095 -0.074428 -0.044980 -0.012062 0.020752 0.051024 0.075508 0.092600 0.100458 0.098841 0.085632 0.058934 0.025722 0.000000 
0.000000 -0.001230 0.030956 0.081782 0.128454 0.162746 0.182617 0.185580 0.170503 0.137714 0.089204 0.028222 -0.040709 -0.112541 -0.181728 -0.243370 -0.293087 -0.328398 -0.348763 -0.356057 -0.354365 -0.346577 -0.330605 -0.303087 -0.262767 -0.210480 -0.149057 -0.082465 -0.015774 0.046640 0.099612 0.140266 0.165230 0.174127 0.166459 0.144478 0.110440 0.068604 0.022774 -0.022005 -0.062071 -0.093118 -0.113070 -0.119711 -0.113273 -0.094242 -0.065052 -0.028502 0.011621 0.051419 0.087049 0.115076 0.132868 0.138824 0.132285 0.114166 0.085853 0.050454 0.010831 -0.028908 -0.065453 -0.095232 -0.115670 -0.125020 -0.122349 -0.108353 -0.084019 -0.052227 -0.015435 0.022306 0.058061 0.087973 0.109814 0.121162 0.121414 0.110320 0.089167 0.059854 0.025119 -0.011758 -0.047586 -0.078883 -0.103205 -0.118034 -0.122606 -0.116193 -0.099967 -0.075184 -0.044517 -0.010653 0.023177 0.053897 0.078866 0.095738 0.103389 0.100926 0.086871 0.059078 0.025340 0.000000 
0.000000 0.004095 0.040241 0.092298 0.137968 0.169864 0.186301 0.184951 0.164659 0.126153 0.071560 0.004637 -0.069759 -0.145968 -0.218096 -0.280425 -0.328398 -0.358837 -0.371728 -0.370527 -0.364085 -0.361530 -0.354408 -0.334808 -0.299523 -0.249240 -0.187121 -0.117662 -0.046417 0.021472 0.080762 0.127530 0.158750 0.172934 0.170113 0.151668 0.120364 0.079926 0.034664 -0.010722 -0.051940 -0.085014 -0.107129 -0.116372 -0.112349 -0.095695 -0.068522 -0.033596 0.005338 0.044454 0.079868 0.108055 0.126484 0.133178 0.127829 0.110755 0.083820 0.049572 0.011217 -0.027406 -0.062941 -0.091747 -0.111488 -0.120091 -0.117069 -0.102610 -0.078287 -0.046360 -0.009941 0.027536 0.062557 0.091787 0.112587 0.122933 0.122011 0.109768 0.087563 0.057198 0.021782 -0.015792 -0.051742 -0.083179 -0.107006 -0.121378 -0.124984 -0.117644 -0.100265 -0.074374 -0.042710 -0.007911 0.026436 0.057613 0.082424 0.099114 0.105960 0.102725 0.087463 0.058734 0.024637 0.000000 
0.000000 0.008230 0.047459 0.100582 0.145502 0.175634 0.189530 0.184917 0.160859 0.118121 0.059217 -0.011942 -0.090050 -0.169109 -0.242634 -0.304363 -0.348763 -0.371728 -0.372025 -0.353874 -0.333969 -0.345320 -0.355658 -0.349008 -0.321658 -0.275195 -0.213945 -0.143138 -0.069069 0.002780 0.066434 0.118011 0.153632 0.172113 0.172703 0.157145 0.127698 0.088411 0.043338 -0.002451 -0.044859 -0.079415 -0.103527 -0.114767 -0.112886 -0.098198 -0.072775 -0.039327 -0.001450 0.036957 0.072080 0.100397 0.119212 0.126759 0.122307 0.106544 0.080833 0.048022 0.011031 -0.026302 -0.060537 -0.088363 -0.107059 -0.115072 -0.111393 -0.096779 -0.072266 -0.040638 -0.004531 0.032257 0.066533 0.094796 0.114581 0.123834 0.121816 0.108583 0.085412 0.054399 0.018381 -0.019320 -0.055353 -0.086353 -0.109732 -0.123198 -0.125921 -0.117465 -0.099018 -0.072132 -0.039556 -0.004199 0.030607 0.061697 0.086362 0.102302 0.108407 0.103955 0.087585 0.057834 0.023628 0.000000 
0.000000 0.010997 0.052388 0.106320 0.151011 0.180215 0.192727 0.186302 0.160029 0.114848 0.053380 -0.020260 -0.100477 -0.181040 -0.254996 -0.315514 -0.356057 -0.370527 -0.353874 -0.304184 -0.239538 -0.296342 -0.338774 -0.349726 -0.331190 -0.288989 -0.229052 -0.157957 -0.082285 -0.008338 0.058125 0.112292 0.150872 0.171647 0.174588 0.160557 0.132410 0.093634 0.048715 0.002393 -0.040819 -0.076720 -0.102244 -0.115209 -0.114943 -0.101890 -0.077898 -0.045641 -0.008696 0.029140 0.064012 0.092396 0.111660 0.119812 0.116374 0.101620 0.077248 0.045726 0.010139 -0.025786 -0.058782 -0.085293 -0.103084 -0.110090 -0.105973 -0.090822 -0.066405 -0.034792 0.000717 0.036938 0.070222 0.097485 0.116074 0.124140 0.121013 0.106700 0.082805 0.051091 0.014925 -0.022922 -0.058473 -0.089017 -0.111383 -0.123936 -0.125413 -0.115853 -0.096291 -0.068440 -0.035209 0.000678 0.035454 0.066466 0.090378 0.105633 0.110468 0.104903 0.087143 0.056530 0.022378 0.000000 
0.000000 0.012346 0.054927 0.109568 0.154449 0.183639 0.195909 0.189092 0.162332 0.116514 0.054420 -0.019890 -0.100686 -0.181647 -0.255676 -0.315636 -0.354365 -0.364085 -0.333969 -0.239538 -0.000033 -0.232278 -0.320109 -0.344998 -0.331799 -0.291762 -0.232728 -0.161685 -0.085671 -0.010925 0.056334 0.111635 0.151032 0.172831 0.176337 0.162884 0.134885 0.096116 0.050852 0.004042 -0.039977 -0.076712 -0.103352 -0.117351 -0.118281 -0.106298 -0.083345 -0.051992 -0.015748 0.021563 0.056177 0.084581 0.104071 0.112852 0.110119 0.096505 0.073263 0.043135 0.008961 -0.025615 -0.057155 -0.082599 -0.099180 -0.105568 -0.100732 -0.085510 -0.061005 -0.029858 0.005100 0.040454 0.072715 0.098918 0.116323 0.123379 0.119218 0.104201 0.079683 0.047773 0.011575 -0.025866 -0.060846 -0.090459 -0.111835 -0.123148 -0.123470 -0.112706 -0.092144 -0.063488 -0.029717 0.006303 0.040999 0.071387 0.094618 0.108634 0.112334 0.105257 0.086257 0.054758 0.020881 0.000000 
0.000000 0.012170 0.054908 0.109989 0.155669 0.185734 0.199075 0.193375 0.167819 0.123205 0.062314 -0.010969 -0.090809 -0.171277 -0.245126 -0.305841 -0.346577 -0.361530 -0.345320 -0.296342 -0.232278 -0.289907 -0.332924 -0.344668 -0.326603 -0.285024 -0.225373 -0.154664 -0.079078 -0.005305 0.061224 0.115320 0.154004 0.174661 0.177573 0.163227 0.134734 0.095324 0.049612 0.002262 -0.042204 -0.079519 -0.106651 -0.121292 -0.122778 -0.111424 -0.089043 -0.058202 -0.022420 0.014596 0.049030 0.077434 0.097168 0.106297 0.104264 0.091383 0.069192 0.040180 0.007209 -0.025979 -0.056390 -0.080432 -0.096185 -0.101477 -0.096292 -0.080527 -0.056239 -0.025224 0.009005 0.043589 0.074782 0.099808 0.116074 0.121902 0.116873 0.100954 0.076136 0.043937 0.008131 -0.028901 -0.062857 -0.091477 -0.111424 -0.121458 -0.120356 -0.108402 -0.086839 -0.057430 -0.023372 0.012759 0.046903 0.076735 0.098687 0.111629 0.113694 0.105307 0.084851 0.052656 0.019227 0.000000 
0.000000 0.010525 0.052353 0.107663 0.154416 0.186204 0.201631 0.198447 0.175742 0.134147 0.076336 0.005936 -0.071509 -0.150293 -0.223716 -0.285728 -0.330605 -0.354408 -0.355658 -0.338774 -0.320109 -0.332924 -0.344544 -0.339279 -0.313009 -0.267614 -0.207057 -0.136872 -0.063059 0.008581 0.072315 0.123896 0.159680 0.178069 0.178568 0.162494 0.132366 0.091879 0.045297 -0.002498 -0.047292 -0.084599 -0.111798 -0.126277 -0.127798 -0.116391 -0.094133 -0.063439 -0.027866 0.008910 0.043143 0.071453 0.091145 0.100556 0.098810 0.086666 0.065210 0.037257 0.005435 -0.026634 -0.055709 -0.078849 -0.093420 -0.098236 -0.092345 -0.076669 -0.052349 -0.021973 0.011611 0.045195 0.075295 0.099245 0.114348 0.119336 0.113459 0.097205 0.072132 0.040246 0.004895 -0.031185 -0.064083 -0.091309 -0.109916 -0.118453 -0.116090 -0.102944 -0.080541 -0.050598 -0.016369 0.019439 0.053055 0.081758 0.102648 0.113961 0.114689 0.104630 0.082985 0.050134 0.017375 0.000000 
0.000000 0.007372 0.047140 0.102194 0.150399 0.184530 0.203117 0.203698 0.185300 0.148357 0.095313 0.029424 -0.043966 -0.119842 -0.191717 -0.254524 -0.303087 -0.334808 -0.349008 -0.349726 -0.344998 -0.344668 -0.339279 -0.321784 -0.287904 -0.239226 -0.177957 -0.109419 -0.038411 0.029176 0.088704 0.135493 0.167091 0.181193 0.178399 0.159324 0.127178 0.085183 0.037847 -0.010246 -0.054836 -0.091747 -0.118257 -0.132121 -0.132941 -0.121032 -0.098371 -0.067450 -0.031835 0.004897 0.038977 0.067108 0.086726 0.096036 0.094511 0.082570 0.061679 0.034384 0.003364 -0.027636 -0.055877 -0.077796 -0.091735 -0.095563 -0.089470 -0.073346 -0.049359 -0.019220 0.013562 0.046282 0.075318 0.098070 0.112161 0.116048 0.109572 0.092716 0.067733 0.036003 0.001496 -0.033675 -0.065136 -0.090957 -0.107861 -0.114910 -0.111063 -0.096779 -0.073553 -0.043154 -0.009000 0.026485 0.059118 0.086845 0.106092 0.116060 0.114977 0.103576 0.080578 0.047331 0.015424 0.000000 
0.000000 0.002876 0.039438 0.093764 0.143310 0.180219 0.202549 0.207860 0.195031 0.164216 0.117574 0.057975 -0.009800 -0.081070 -0.150089 -0.212164 -0.262767 -0.299523 -0.321658 -0.331190 -0.331799 -0.326603 -0.313009 -0.287904 -0.249567 -0.199060 -0.138863 -0.073186 -0.006837 0.055458 0.108783 0.149759 0.175288 0.184394 0.176863 0.154361 0.119411 0.075813 0.027584 -0.020470 -0.064539 -0.100305 -0.125590 -0.137941 -0.137503 -0.124375 -0.100879 -0.069381 -0.033525 0.003168 0.036990 0.064777 0.083921 0.092982 0.091133 0.079305 0.058545 0.031750 0.001398 -0.028893 -0.056113 -0.077388 -0.090325 -0.093845 -0.087139 -0.071223 -0.047253 -0.017856 0.014267 0.045919 0.073905 0.095602 0.108660 0.111868 0.104776 0.087903 0.062993 0.032005 -0.001687 -0.035463 -0.065561 -0.089649 -0.105042 -0.110466 -0.105382 -0.090029 -0.066185 -0.035578 -0.001599 0.033134 0.064877 0.091086 0.109017 0.117148 0.114682 0.101651 0.077681 0.044135 0.013317 0.000000 
0.000000 -0.002910 0.029244 0.082030 0.132817 0.172608 0.199188 0.209937 0.203574 0.180041 0.141079 0.089159 0.028628 -0.036487 -0.100782 -0.160214 -0.210480 -0.249240 -0.275195 -0.288989 -0.291762 -0.285024 -0.267614 -0.239226 -0.199060 -0.149128 -0.091535 -0.030561 0.029827 0.084943 0.130921 0.164202 0.182861 0.185480 0.172865 0.146179 0.108530 0.063310 0.014683 -0.032906 -0.075682 -0.109769 -0.132965 -0.143324 -0.140880 -0.126143 -0.101339 -0.069002 -0.032746 0.003976 0.037483 0.064724 0.083271 0.091605 0.089303 0.076987 0.056148 0.029402 -0.000653 -0.030335 -0.057052 -0.077425 -0.089921 -0.092653 -0.085841 -0.069612 -0.046028 -0.016953 0.014354 0.045120 0.072085 0.092655 0.104830 0.107133 0.099668 0.082514 0.057987 0.027546 -0.005001 -0.037497 -0.065925 -0.088363 -0.101969 -0.105867 -0.099394 -0.083090 -0.058676 -0.027974 0.005586 0.039575 0.070018 0.094914 0.111032 0.117678 0.113450 0.099203 0.074181 0.040668 0.011140 0.000000 
0.000000 -0.009713 0.016899 0.067344 0.118744 0.161228 0.191978 0.208424 0.209096 0.193662 0.163452 0.120558 0.068609 0.011353 -0.046602 -0.101335 -0.149057 -0.187121 -0.213945 -0.229052 -0.232728 -0.225373 -0.207057 -0.177957 -0.138863 -0.091535 -0.038793 0.015942 0.068569 0.115455 0.152586 0.177640 0.188272 0.184283 0.165890 0.135164 0.094656 0.048185 -0.000531 -0.047011 -0.087908 -0.119444 -0.139906 -0.147399 -0.142423 -0.125471 -0.099049 -0.065660 -0.028946 0.007676 0.040652 0.067061 0.084544 0.091897 0.088564 0.075589 0.054222 0.027321 -0.002574 -0.032000 -0.058035 -0.078011 -0.089700 -0.092219 -0.084902 -0.068898 -0.045388 -0.017029 0.013591 0.043340 0.069268 0.088880 0.100103 0.101886 0.093966 0.077013 0.052785 0.023335 -0.008151 -0.039043 -0.065917 -0.086527 -0.098553 -0.100896 -0.093281 -0.076146 -0.051367 -0.020802 0.012249 0.045143 0.074393 0.097549 0.112191 0.116999 0.111459 0.095831 0.070170 0.036846 0.008842 0.000000 
0.000000 -0.017351 0.002626 0.049637 0.101005 0.145625 0.180334 0.202406 0.210255 0.203290 0.182435 0.149302 0.107099 0.058852 0.008885 -0.039417 -0.082465 -0.117662 -0.143138 -0.157957 -0.161685 -0.154664 -0.136872 -0.109419 -0.073186 -0.030561 0.015942 0.062875 0.106793 0.144116 0.171841 0.187578 0.190066 0.178835 0.154993 0.120211 0.077518 0.030311 -0.017634 -0.062264 -0.100385 -0.128702 -0.145623 -0.149782 -0.141665 -0.122227 -0.093871 -0.059341 -0.022176 0.014256 0.046470 0.071757 0.087892 0.093786 0.089175 0.075005 0.052851 0.025431 -0.004657 -0.033862 -0.059652 -0.078952 -0.090287 -0.092133 -0.084711 -0.068444 -0.045284 -0.017274 0.012575 0.041444 0.066421 0.084961 0.095415 0.096416 0.088287 0.071251 0.047584 0.018912 -0.011292 -0.040717 -0.065886 -0.084778 -0.095126 -0.096050 -0.087293 -0.069486 -0.044465 -0.014180 0.018123 0.049917 0.077644 0.099273 0.112085 0.115423 0.108344 0.091772 0.065520 0.032738 0.006492 0.000000 
0.000000 -0.025452 -0.013040 0.029494 0.079686 0.125625 0.163445 0.190634 0.205322 0.206802 0.195476 0.172680 0.140794 0.102701 0.061645 0.021221 -0.015774 -0.046417 -0.069069 -0.082285 -0.085671 -0.079078 -0.063059 -0.038411 -0.006837 0.029827 0.068569 0.106793 0.140881 0.168251 0.185977 0.192602 0.186791 0.168922 0.139844 0.101772 0.057423 0.010296 -0.036110 -0.078032 -0.112535 -0.136779 -0.149461 -0.149596 -0.137950 -0.115669 -0.085316 -0.049676 -0.012230 0.023671 0.054802 0.078511 0.092862 0.096927 0.090583 0.074988 0.051750 0.023614 -0.006670 -0.035941 -0.061222 -0.080242 -0.090823 -0.092434 -0.084510 -0.068369 -0.045301 -0.017879 0.011231 0.039229 0.063095 0.080823 0.090281 0.090902 0.082340 0.065615 0.042337 0.014704 -0.014312 -0.042175 -0.065691 -0.082910 -0.091686 -0.091310 -0.081566 -0.063247 -0.038142 -0.008320 0.023150 0.053610 0.079893 0.099714 0.110978 0.112636 0.104414 0.086852 0.060371 0.028343 0.004044 0.000000 
0.000000 -0.033699 -0.029597 0.007278 0.055246 0.101319 0.141395 0.172779 0.193668 0.203001 0.200963 0.188233 0.166997 0.139268 0.108141 0.076292 0.046640 0.021472 0.002780 -0.008338 -0.010925 -0.005305 0.008581 0.029176 0.055458 0.084943 0.115455 0.144116 0.168251 0.185304 0.193350 0.190802 0.177385 0.153197 0.119910 0.079284 0.034461 -0.011580 -0.055363 -0.093595 -0.123655 -0.143123 -0.151016 -0.146778 -0.131287 -0.106107 -0.073692 -0.037075 0.000437 0.035570 0.065194 0.087011 0.099128 0.100982 0.092549 0.075176 0.050567 0.021559 -0.009219 -0.038400 -0.063500 -0.081806 -0.091952 -0.092773 -0.084615 -0.068104 -0.045273 -0.018146 0.010278 0.037391 0.060371 0.077004 0.085758 0.085580 0.076879 0.060076 0.037417 0.010584 -0.017159 -0.043565 -0.065495 -0.081092 -0.088429 -0.086845 -0.076293 -0.057615 -0.032630 -0.003425 0.026995 0.056099 0.080707 0.098921 0.108424 0.108766 0.099315 0.081181 0.054630 0.023668 0.001571 0.000000 
0.000000 -0.041642 -0.046313 -0.016131 0.028137 0.073085 0.113907 0.148340 0.174226 0.190575 0.197033 0.194088 0.182958 0.165751 0.144348 0.121690 0.099612 0.080762 0.066434 0.058125 0.056334 0.061224 0.072315 0.088704 0.108783 0.130921 0.152586 0.171841 0.185977 0.193350 0.192092 0.181432 0.161205 0.132067 0.095544 0.053708 0.009438 -0.034391 -0.074528 -0.108183 -0.132899 -0.146932 -0.149462 -0.140474 -0.121030 -0.092926 -0.058729 -0.021460 0.015682 0.049481 0.077189 0.096517 0.106057 0.105280 0.094513 0.075162 0.049137 0.019153 -0.011892 -0.041148 -0.065624 -0.083506 -0.092705 -0.093091 -0.084256 -0.067680 -0.044849 -0.018150 0.009515 0.035867 0.057643 0.073532 0.081171 0.080642 0.071420 0.054909 0.032597 0.006706 -0.019866 -0.044898 -0.065216 -0.079410 -0.085301 -0.082746 -0.071442 -0.052588 -0.027824 0.000636 0.029931 0.057538 0.080531 0.096956 0.104945 0.103832 0.093497 0.074799 0.048470 0.018804 -0.000975 0.000000 
0.000000 -0.048886 -0.062476 -0.039963 -0.000543 0.041732 0.082065 0.117968 0.147580 0.169456 0.183296 0.188912 0.187446 0.179870 0.168314 0.154348 0.140266 0.127530 0.118011 0.112292 0.111635 0.115320 0.123896 0.135493 0.149759 0.164202 0.177640 0.187578 0.192602 0.190802 0.181432 0.163602 0.138067 0.105067 0.066908 0.025098 -0.017129 -0.057499 -0.092885 -0.120967 -0.139758 -0.147826 -0.144836 -0.131046 -0.107734 -0.076976 -0.041248 -0.003718 0.032615 0.064718 0.089943 0.106486 0.112941 0.109292 0.095866 0.074409 0.046774 0.015916 -0.015570 -0.044497 -0.068549 -0.085354 -0.093810 -0.093045 -0.083706 -0.066508 -0.043738 -0.017241 0.009815 0.035245 0.056141 0.070814 0.077721 0.076244 0.066835 0.050099 0.028332 0.003105 -0.022314 -0.046036 -0.064966 -0.077737 -0.082469 -0.078962 -0.067181 -0.048258 -0.023944 0.003634 0.031630 0.057729 0.078952 0.093794 0.100128 0.097924 0.086673 0.067796 0.041872 0.013736 -0.003499 0.000000 
0.000000 -0.054950 -0.077203 -0.063041 -0.029940 0.008286 0.046295 0.082196 0.113813 0.139882 0.159511 0.172521 0.179222 0.180585 0.177617 0.172124 0.165230 0.158750 0.153632 0.150872 0.151032 0.154004 0.159680 0.167091 0.175288 0.182861 0.188272 0.190066 0.186791 0.177385 0.161205 0.138067 0.108589 0.073637 0.035212 -0.004872 -0.043876 -0.079592 -0.109284 -0.131116 -0.143328 -0.145142 -0.136411 -0.117852 -0.090959 -0.057890 -0.021268 0.015917 0.050785 0.080464 0.102753 0.115892 0.119029 0.112179 0.096059 0.072451 0.043417 0.011765 -0.019688 -0.048274 -0.071259 -0.087154 -0.094217 -0.092606 -0.082251 -0.064721 -0.041767 -0.015591 0.010748 0.035390 0.055012 0.068826 0.074493 0.072520 0.062446 0.045851 0.024295 -0.000158 -0.024550 -0.047100 -0.064603 -0.076211 -0.079735 -0.075536 -0.063294 -0.044478 -0.020678 0.005929 0.032580 0.057067 0.076602 0.089701 0.094639 0.091209 0.079371 0.060305 0.035025 0.008604 -0.006052 0.000000 
0.000000 -0.059476 -0.089765 -0.084393 -0.058477 -0.025767 0.008672 0.042714 0.074689 0.102983 0.126838 0.145351 0.159019 0.167631 0.172553 0.174179 0.174127 0.172934 0.172113 0.171647 0.172831 0.174661 0.178069 0.181193 0.184394 0.185480 0.184283 0.178835 0.168922 0.153197 0.132067 0.105067 0.073637 0.038280 0.001498 -0.035522 -0.069833 -0.099784 -0.122921 -0.137801 -0.143245 -0.138686 -0.124518 -0.101589 -0.071635 -0.036915 0.000025 0.036230 0.069008 0.095819 0.114571 0.124063 0.123478 0.113347 0.094405 0.068753 0.038362 0.006263 -0.025110 -0.052751 -0.074697 -0.088889 -0.094652 -0.091392 -0.080130 -0.061695 -0.038596 -0.012565 0.013187 0.036791 0.055433 0.067834 0.072609 0.069472 0.059036 0.042024 0.020832 -0.003126 -0.026555 -0.047963 -0.064288 -0.074670 -0.077283 -0.072358 -0.059903 -0.041244 -0.018135 0.007404 0.032597 0.055487 0.073232 0.084801 0.088224 0.083903 0.071433 0.052501 0.027991 0.003422 -0.008522 0.000000 
0.000000 -0.062038 -0.099274 -0.102730 -0.085054 -0.058962 -0.029722 0.001163 0.031696 0.060628 0.086776 0.109237 0.127824 0.142383 0.153279 0.161120 0.166459 0.170113 0.172703 0.174588 0.176337 0.177573 0.178568 0.178399 0.176863 0.172865 0.165890 0.154993 0.139844 0.119910 0.095544 0.066908 0.035212 0.001498 -0.032362 -0.064732 -0.093369 -0.116623 -0.132636 -0.140332 -0.138855 -0.128158 -0.108834 -0.082050 -0.049727 -0.014070 0.022286 0.056682 0.086607 0.109777 0.124581 0.129927 0.125542 0.112017 0.090441 0.062937 0.031628 -0.000613 -0.031244 -0.057722 -0.077865 -0.090359 -0.094122 -0.089433 -0.076767 -0.057700 -0.034252 -0.008511 0.016520 0.039162 0.056431 0.067690 0.071076 0.067153 0.055890 0.038780 0.017630 -0.005727 -0.028316 -0.048689 -0.063807 -0.073164 -0.074810 -0.069362 -0.056685 -0.038324 -0.015936 0.008474 0.032204 0.053414 0.069475 0.079362 0.081522 0.076173 0.063361 0.044523 0.020955 -0.001665 -0.010950 0.000000 
0.000000 -0.062440 -0.105200 -0.117113 -0.107920 -0.089420 -0.066330 -0.040204 -0.012524 0.015105 0.041843 0.066201 0.088150 0.106670 0.122318 0.134645 0.144478 0.151668 0.157145 0.160557 0.162884 0.163227 0.162494 0.159324 0.154361 0.146179 0.135164 0.120211 0.101772 0.079284 0.053708 0.025098 -0.004872 -0.035522 -0.064732 -0.091304 -0.113167 -0.129098 -0.137673 -0.138054 -0.130003 -0.113595 -0.089911 -0.060139 -0.026378 0.009235 0.044166 0.075974 0.102349 0.121447 0.131801 0.132886 0.124511 0.107725 0.083655 0.054658 0.022755 -0.009074 -0.038649 -0.063276 -0.081427 -0.091473 -0.093186 -0.086379 -0.072346 -0.052205 -0.028452 -0.002934 0.021420 0.042809 0.058855 0.068453 0.070659 0.065368 0.053477 0.035816 0.014810 -0.008133 -0.029937 -0.049242 -0.063337 -0.071565 -0.072462 -0.066417 -0.053688 -0.035627 -0.014052 0.009170 0.031391 0.050939 0.065272 0.073649 0.074476 0.068339 0.055141 0.036607 0.014036 -0.006609 -0.013221 0.000000 
0.000000 -0.060439 -0.106924 -0.126563 -0.126093 -0.115562 -0.099573 -0.079076 -0.055664 -0.030591 -0.005068 0.019660 0.042891 0.063850 0.082198 0.097758 0.110440 0.120364 0.127698 0.132410 0.134885 0.134734 0.132366 0.127178 0.119411 0.108530 0.094656 0.077518 0.057423 0.034461 0.009438 -0.017129 -0.043876 -0.069833 -0.093369 -0.113167 -0.127824 -0.136144 -0.137247 -0.130676 -0.116479 -0.095189 -0.067924 -0.036167 -0.001962 0.032585 0.065092 0.093381 0.115492 0.129841 0.135490 0.132049 0.119852 0.099963 0.073863 0.043800 0.011960 -0.018957 -0.046723 -0.069099 -0.084527 -0.091963 -0.091054 -0.082219 -0.066502 -0.045490 -0.021395 0.003758 0.027213 0.047355 0.061789 0.069883 0.070479 0.064071 0.051183 0.033190 0.012107 -0.010358 -0.031427 -0.049735 -0.062729 -0.069953 -0.069982 -0.063464 -0.050597 -0.032915 -0.012121 0.009896 0.030641 0.048495 0.061186 0.067962 0.067608 0.060607 0.047183 0.028923 0.007399 -0.011263 -0.015361 0.000000 
0.000000 -0.056070 -0.104240 -0.130384 -0.138161 -0.135778 -0.127096 -0.113107 -0.094828 -0.073731 -0.050715 -0.027350 -0.004246 0.017319 0.037061 0.054150 0.068604 0.079926 0.088411 0.093634 0.096116 0.095324 0.091879 0.085183 0.075813 0.063310 0.048185 0.030311 0.010296 -0.011580 -0.034391 -0.057499 -0.079592 -0.099784 -0.116623 -0.129098 -0.136144 -0.136817 -0.130857 -0.117896 -0.098553 -0.073326 -0.043738 -0.011170 0.022248 0.054620 0.083739 0.107765 0.124990 0.134315 0.134982 0.127142 0.111189 0.088620 0.060852 0.030352 -0.000898 -0.030195 -0.055638 -0.075105 -0.087452 -0.091728 -0.088031 -0.076772 -0.059357 -0.037320 -0.012944 0.011707 0.034220 0.052762 0.065603 0.071752 0.070817 0.062886 0.049115 0.030546 0.009464 -0.012530 -0.032868 -0.050028 -0.062023 -0.068068 -0.067376 -0.060258 -0.047380 -0.030036 -0.010073 0.010705 0.029975 0.046129 0.057200 0.062453 0.060946 0.053175 0.039545 0.021616 0.001172 -0.015597 -0.017274 0.000000 
0.000000 -0.049419 -0.097100 -0.128245 -0.143483 -0.148820 -0.147504 -0.140074 -0.127630 -0.111137 -0.091882 -0.070985 -0.049660 -0.028785 -0.009405 0.008042 0.022774 0.034664 0.043338 0.048715 0.050852 0.049612 0.045297 0.037847 0.027584 0.014683 -0.000531 -0.017634 -0.036110 -0.055363 -0.074528 -0.092885 -0.109284 -0.122921 -0.132636 -0.137673 -0.137247 -0.130857 -0.118459 -0.100123 -0.076528 -0.048687 -0.017896 0.014112 0.045627 0.074666 0.099493 0.118420 0.130266 0.134140 0.129853 0.117643 0.098430 0.073589 0.044934 0.014590 -0.015230 -0.042305 -0.064681 -0.080765 -0.089470 -0.090350 -0.083559 -0.069898 -0.050762 -0.027847 -0.003409 0.020624 0.041816 0.058736 0.069554 0.073835 0.070989 0.061684 0.046775 0.027755 0.006597 -0.014912 -0.034434 -0.050521 -0.061301 -0.066252 -0.064576 -0.056929 -0.043817 -0.026826 -0.007574 0.012013 0.029861 0.044369 0.053836 0.057588 0.054916 0.046396 0.032533 0.014952 -0.004516 -0.019447 -0.018966 0.000000 
0.000000 -0.040740 -0.085738 -0.120089 -0.141508 -0.153791 -0.159237 -0.158331 -0.151718 -0.140452 -0.125483 -0.108142 -0.089444 -0.070620 -0.052549 -0.036157 -0.022005 -0.010722 -0.002451 0.002393 0.004042 0.002262 -0.002498 -0.010246 -0.020470 -0.032906 -0.047011 -0.062264 -0.078032 -0.093595 -0.108183 -0.120967 -0.131116 -0.137801 -0.140332 -0.138054 -0.130676 -0.117896 -0.100123 -0.077492 -0.051208 -0.022064 0.008335 0.038561 0.066864 0.091598 0.111262 0.124573 0.130661 0.129102 0.119901 0.103782 0.081640 0.055267 0.026229 -0.003103 -0.030903 -0.054974 -0.073745 -0.085882 -0.090605 -0.087783 -0.077789 -0.061652 -0.040851 -0.017224 0.007146 0.030188 0.049948 0.064791 0.073559 0.075575 0.070902 0.059961 0.044065 0.024538 0.003444 -0.017416 -0.036038 -0.050763 -0.060358 -0.063942 -0.061412 -0.053034 -0.039830 -0.023108 -0.004635 0.013747 0.030179 0.043006 0.050938 0.053177 0.049455 0.040163 0.026162 0.008865 -0.009579 -0.022859 -0.020374 0.000000 
0.000000 -0.030469 -0.070659 -0.106270 -0.132344 -0.150287 -0.161677 -0.166520 -0.165580 -0.159392 -0.149181 -0.135816 -0.120716 -0.104664 -0.089118 -0.074503 -0.062071 -0.051940 -0.044859 -0.040819 -0.039977 -0.042204 -0.047292 -0.054836 -0.064539 -0.075682 -0.087908 -0.100385 -0.112535 -0.123655 -0.132899 -0.139758 -0.143328 -0.143245 -0.138855 -0.130003 -0.116479 -0.098553 -0.076528 -0.051208 -0.023472 0.005401 0.034233 0.061240 0.085309 0.104700 0.118571 0.125755 0.125960 0.118938 0.105218 0.085547 0.061300 0.034003 0.005609 -0.022040 -0.046896 -0.067389 -0.081914 -0.089740 -0.090145 -0.083524 -0.070293 -0.051819 -0.029606 -0.005492 0.018363 0.040262 0.058072 0.070817 0.077054 0.076889 0.070011 0.057591 0.040517 0.020623 -0.000368 -0.020543 -0.038047 -0.051471 -0.059523 -0.061816 -0.058017 -0.048958 -0.035317 -0.018845 -0.000960 0.016313 0.031385 0.042650 0.049002 0.049830 0.044934 0.034948 0.020655 0.003685 -0.013946 -0.025653 -0.021500 0.000000 
0.000000 -0.019123 -0.052692 -0.087481 -0.116381 -0.138496 -0.154451 -0.164226 -0.168117 -0.166807 -0.161053 -0.151966 -0.140573 -0.128009 -0.115327 -0.103434 -0.093118 -0.085014 -0.079415 -0.076720 -0.076712 -0.079519 -0.084599 -0.091747 -0.100305 -0.109769 -0.119444 -0.128702 -0.136779 -0.143123 -0.146932 -0.147826 -0.145142 -0.138686 -0.128158 -0.113595 -0.095189 -0.073326 -0.048687 -0.022064 0.005401 0.032671 0.058285 0.081029 0.099754 0.113212 0.120784 0.121720 0.116060 0.103962 0.086133 0.063705 0.037944 0.010698 -0.016452 -0.041489 -0.062866 -0.079068 -0.088974 -0.092084 -0.088075 -0.077566 -0.061267 -0.040634 -0.017300 0.006912 0.029971 0.050199 0.065887 0.075997 0.079709 0.076968 0.068098 0.054011 0.036075 0.015862 -0.004748 -0.023976 -0.040179 -0.051921 -0.058406 -0.059053 -0.054117 -0.044127 -0.030227 -0.013889 0.003299 0.019465 0.033155 0.042818 0.047654 0.047033 0.041089 0.030362 0.015894 -0.000849 -0.017602 -0.027968 -0.022318 0.000000 
